1.6
0.991318 0.121236 0.0508916 -0.00264573 
-0.119266 0.992052 -0.0401093 0.00201452 
-0.0553497 0.0336914 0.997898 -0.000465375 
0 0 0 1 
1.8
0.993934 0.104362 0.0346999 -0.00486418 
-0.103073 0.993982 -0.0370809 0.00170713 
-0.0383609 0.0332793 0.99871 -0.00140618 
0 0 0 1 
2.6
0.995885 0.085294 0.0306228 -0.00405932 
-0.0846599 0.996179 -0.0214416 0.00112536 
-0.0323347 0.0187609 0.999301 -0.00145466 
0 0 0 1 
3
0.994302 0.0995351 -0.0381532 -0.00226894 
-0.101313 0.993701 -0.0478902 0.00256064 
0.0331461 0.0514828 0.998124 -0.00199713 
0 0 0 1 
4
0.972205 0.124393 -0.198355 -0.00146577 
-0.139572 0.988114 -0.0644203 0.00432931 
0.187984 0.0903145 0.978011 -0.00476665 
0 0 0 1 
4.6
0.936868 0.168723 -0.306285 -0.000831341 
-0.198845 0.977547 -0.0697302 0.00458015 
0.287643 0.126231 0.949383 -0.00712141 
0 0 0 1 
5.2
0.917968 0.239037 -0.316539 -0.00209167 
-0.264672 0.963511 -0.0399488 0.00737552 
0.295439 0.120451 0.947738 -0.00786255 
0 0 0 1 
5.6
0.897213 0.271907 -0.34796 -0.00654843 
-0.283774 0.958732 0.0174755 0.00695167 
0.338352 0.0830627 0.937346 -0.00859432 
0 0 0 1 
6.2
0.833883 0.303018 -0.461323 -0.00526393 
-0.305169 0.949565 0.0720963 0.00637229 
0.459903 0.0806616 0.884298 -0.00884276 
0 0 0 1 
7.4
0.845396 0.355668 -0.398504 0.00230718 
-0.349777 0.932479 0.0902207 0.00670566 
0.403685 0.0631151 0.912718 -0.00807199 
0 0 0 1 
8
0.925716 0.290805 -0.241833 0.00074623 
-0.291802 0.955926 0.0325098 0.0101171 
0.240628 0.0404726 0.969773 -0.00641482 
0 0 0 1 
8.8
0.961794 0.229797 -0.148812 -0.000254111 
-0.228269 0.97321 0.0275016 0.00518592 
0.151145 0.00751843 0.988483 -0.00539462 
0 0 0 1 
9.6
0.980859 0.192128 -0.0316718 3.61348e-05 
-0.192835 0.981006 -0.0210226 0.00561759 
0.0270312 0.0267277 0.999277 -0.00716009 
0 0 0 1 
10
0.983084 0.174953 0.0541944 -0.00251736 
-0.169455 0.981107 -0.0933471 0.00741015 
-0.0695019 0.0825845 0.994158 -0.00834736 
0 0 0 1 
10.2
0.979806 0.194824 0.0449965 -0.00141379 
-0.189325 0.976321 -0.104662 0.00565878 
-0.0643217 0.0940296 0.993489 -0.00993117 
0 0 0 1 
14.4
0.975973 0.162563 0.145086 -0.00684097 
-0.154067 0.985713 -0.0680647 0.00833007 
-0.154078 0.0440763 0.987075 -0.0205839 
0 0 0 1 
15.8
0.962074 0.210964 0.172938 -0.00254386 
-0.216124 0.9763 0.0113497 0.00830577 
-0.166445 -0.0482952 0.984867 -0.0162808 
0 0 0 1 
16.2
0.95216 0.203714 0.227798 -0.0063988 
-0.207771 0.978157 -0.0062937 0.0211993 
-0.224105 -0.0413372 0.973688 -0.0126015 
0 0 0 1 
16.8
0.950942 0.218535 0.21898 -0.0106153 
-0.203742 0.975036 -0.088287 0.0383088 
-0.232807 0.0393405 0.971727 -0.00407127 
0 0 0 1 
17.6
0.926437 0.160468 0.340536 -0.0279853 
-0.1009 0.977346 -0.186046 0.0553646 
-0.362676 0.138 0.921641 0.00672834 
0 0 0 1 
19.2
0.899303 0.131672 0.417034 -0.0473176 
-0.0413031 0.974908 -0.218745 0.0564654 
-0.435372 0.179493 0.882175 0.0330384 
0 0 0 1 
19.8
0.821504 0.0901142 0.563037 -0.0488464 
0.0232141 0.981329 -0.190933 0.0544021 
-0.56973 0.169922 0.804074 0.039918 
0 0 0 1 
21.6
0.624938 0.0200324 0.780417 -0.0533086 
0.150096 0.977937 -0.145296 0.0453834 
-0.766109 0.207938 0.608144 0.0567709 
0 0 0 1 
23.2
0.52005 -0.0445897 0.852971 -0.0488184 
0.295172 0.946492 -0.130486 0.020504 
-0.801512 0.319632 0.505385 0.0881129 
0 0 0 1 
24.8
0.293657 -0.0527704 0.954453 -0.0271829 
0.410836 0.908522 -0.0761713 0.000813658 
-0.863122 0.414492 0.288474 0.107813 
0 0 0 1 
28.2
-0.0672688 -0.35242 0.933421 0.00259352 
0.470756 0.813648 0.341124 -0.00253407 
-0.879695 0.462361 0.11117 0.107323 
0 0 0 1 
29.2
-0.187341 -0.318597 0.929193 0.0238085 
0.367611 0.854463 0.367091 0.0138808 
-0.910915 0.410352 -0.0429563 0.10689 
0 0 0 1 
30.2
-0.259786 -0.293689 0.919923 0.0494481 
0.355766 0.856515 0.373915 0.0205173 
-0.897742 0.424415 -0.118026 0.0989717 
0 0 0 1 
32
-0.297054 -0.320424 0.899493 0.064885 
0.426236 0.798457 0.425194 0.0314907 
-0.854449 0.509701 -0.100608 0.0782756 
0 0 0 1 
32.4
-0.344837 -0.320175 0.882369 0.0695079 
0.420708 0.787604 0.450205 0.0421898 
-0.839102 0.526467 -0.136895 0.0678346 
0 0 0 1 
33
-0.385097 -0.29327 0.875039 0.0728551 
0.378589 0.814509 0.439597 0.054651 
-0.841648 0.500568 -0.202636 0.0509837 
0 0 0 1 
33.8
-0.397398 -0.271996 0.876409 0.0802493 
0.347349 0.839412 0.418016 0.0635488 
-0.849366 0.470538 -0.239103 0.0381939 
0 0 0 1 
34.8
-0.442514 -0.208408 0.872208 0.103641 
0.331474 0.865723 0.375031 0.0669195 
-0.833251 0.455071 -0.314013 0.024286 
0 0 0 1 
36
-0.615703 -0.181304 0.766837 0.105718 
0.286626 0.854974 0.432278 0.0918079 
-0.734 0.48595 -0.474444 -0.0114568 
0 0 0 1 
36.6
-0.683824 -0.184555 0.705921 0.0928936 
0.238421 0.857855 0.455236 0.11074 
-0.689594 0.479608 -0.54262 -0.0304841 
0 0 0 1 
39.4
-0.740088 -0.185857 0.646318 0.0948953 
0.15564 0.887627 0.433469 0.128175 
-0.654253 0.421397 -0.627995 -0.0725211 
0 0 0 1 
42.2
-0.861738 -0.161556 0.480944 0.0742965 
0.105868 0.869821 0.481876 0.154909 
-0.496185 0.466167 -0.732454 -0.119046 
0 0 0 1 
46.6
-0.977775 -0.178723 0.109605 0.00073588 
-0.0924073 0.836648 0.539889 0.169583 
-0.188192 0.517762 -0.834569 -0.145447 
0 0 0 1 
51
-0.980166 -0.0113255 -0.197855 -0.0417725 
-0.114914 0.845872 0.520861 0.152917 
0.161461 0.533266 -0.830396 -0.143159 
0 0 0 1 
53.6
-0.953044 -0.102166 -0.285077 -0.0510764 
-0.222267 0.875359 0.429352 0.132224 
0.205679 0.472555 -0.856964 -0.158346 
0 0 0 1 
54.4
-0.978175 -0.102613 -0.18068 -0.0242419 
-0.165128 0.911706 0.376197 0.118127 
0.126124 0.397821 -0.908752 -0.166826 
0 0 0 1 
55.4
-0.992958 -0.118436 -0.00270911 0.0139662 
-0.102859 0.850565 0.515713 0.139487 
-0.0587745 0.51236 -0.856757 -0.1486 
0 0 0 1 
56
-0.990786 -0.134995 0.0109442 0.0188642 
-0.10135 0.792601 0.601259 0.155636 
-0.089841 0.59461 -0.798979 -0.135447 
0 0 0 1 
57
-0.980075 -0.171358 0.10045 0.0380713 
-0.0673097 0.762312 0.6437 0.162191 
-0.186878 0.624112 -0.758657 -0.124713 
0 0 0 1 
57.8
-0.960022 -0.192881 0.202865 0.0586696 
-0.0265996 0.784293 0.61982 0.156234 
-0.278657 0.589644 -0.75807 -0.121491 
0 0 0 1 
60.4
-0.789868 -0.208697 0.576675 0.121761 
0.108671 0.877809 0.466522 0.127804 
-0.603572 0.431158 -0.670674 -0.0974629 
0 0 0 1 
61.8
-0.663172 -0.161472 0.730841 0.148173 
0.140726 0.932137 0.333642 0.103732 
-0.735118 0.32411 -0.595444 -0.0844937 
0 0 0 1 
63
-0.544676 -0.129707 0.828556 0.165268 
0.140768 0.959811 0.242792 0.0869287 
-0.826748 0.248877 -0.504527 -0.0696799 
0 0 0 1 
65
-0.407883 -0.0402317 0.912147 0.180004 
0.13255 0.985836 0.102754 0.0662156 
-0.903361 0.162817 -0.396773 -0.0549607 
0 0 0 1 
67.6
-0.360516 0.141144 0.922012 0.191115 
0.167096 0.982267 -0.0850317 0.0282917 
-0.917664 0.123409 -0.377708 -0.0484818 
0 0 0 1 
68.8
-0.18915 0.150862 0.97029 0.1999 
0.163915 0.979114 -0.12028 0.0272957 
-0.968171 0.136294 -0.209928 -0.0196509 
0 0 0 1 
71
0.0047729 0.187008 0.982347 0.198164 
0.0745506 0.979558 -0.186839 0.0224606 
-0.997206 0.0741263 -0.00926624 -0.00243254 
0 0 0 1 
72.8
0.218805 0.210652 0.952759 0.188418 
0.00643063 0.976087 -0.217287 0.0244874 
-0.975747 0.0536703 0.212218 0.0170553 
0 0 0 1 
75.6
0.504332 0.199541 0.840138 0.163819 
-0.0505194 0.978086 -0.201978 0.0183759 
-0.86203 0.0594208 0.503361 0.0662188 
0 0 0 1 
77.2
0.667059 0.233167 0.707577 0.135629 
-0.112723 0.970416 -0.213512 -0.00251103 
-0.736428 0.0626643 0.673608 0.07973 
0 0 0 1 
78.4
0.693963 0.28366 0.66178 0.125036 
-0.182959 0.958428 -0.218957 -0.0212418 
-0.696378 0.0308695 0.717011 0.0802243 
0 0 0 1 
78.8
0.717182 0.30053 0.628754 0.117673 
-0.240635 0.953535 -0.181291 -0.0242875 
-0.654022 -0.0212816 0.756176 0.0856183 
0 0 0 1 
79.6
0.770948 0.343218 0.536509 0.102311 
-0.324074 0.93657 -0.133462 -0.0310217 
-0.548285 -0.0709766 0.833274 0.0976734 
0 0 0 1 
80.2
0.80664 0.342964 0.48136 0.0904914 
-0.342676 0.934948 -0.0919007 -0.0312459 
-0.481565 -0.0908199 0.871692 0.110894 
0 0 0 1 
81.2
0.865799 0.326748 0.378982 0.0708277 
-0.342928 0.938998 -0.0261452 -0.0343221 
-0.364407 -0.107327 0.925034 0.123468 
0 0 0 1 
82.4
0.929397 0.311665 0.197704 0.0516386 
-0.317293 0.948322 -0.00337617 -0.0396812 
-0.188539 -0.0595922 0.980256 0.12796 
0 0 0 1 
83.8
0.973854 0.197099 0.112959 0.0499338 
-0.196693 0.980353 -0.0148345 -0.0428829 
-0.113663 -0.00777158 0.993489 0.124659 
0 0 0 1 
84
0.97424 0.201585 0.101092 0.0555056 
-0.19994 0.979456 -0.0262558 -0.0420468 
-0.104308 0.00536703 0.99453 0.132254 
0 0 0 1 
84.4
0.958255 0.268582 0.0980381 0.0438643 
-0.265116 0.963068 -0.0470558 -0.0497189 
-0.107056 0.0191 0.99407 0.126458 
0 0 0 1 
84.6
0.937151 0.347196 0.0346896 0.0293534 
-0.342477 0.934301 -0.0989455 -0.0569059 
-0.066764 0.0808465 0.994488 0.130142 
0 0 0 1 
85
0.96569 0.233401 0.113876 0.0487514 
-0.229235 0.972158 -0.0485806 -0.0447308 
-0.122044 0.0208094 0.992307 0.129319 
0 0 0 1 
85.4
0.954448 0.273106 0.120177 0.0510699 
-0.282522 0.956733 0.0695952 -0.0303477 
-0.0959709 -0.100378 0.99031 0.131842 
0 0 0 1 
1.6
0.991334 0.12108 0.0509551 -0.0026966 
-0.119129 0.992083 -0.0397423 0.00193795 
-0.0553637 0.0333277 0.99791 -0.000751499 
0 0 0 1 
1.8
0.994024 0.103844 0.0336447 -0.00463977 
-0.102525 0.993973 -0.0388222 0.00207861 
-0.0374733 0.0351408 0.99868 -0.000976197 
0 0 0 1 
3.4
0.986272 0.128805 -0.103328 -0.00199177 
-0.135682 0.988778 -0.0625199 0.00397642 
0.0941156 0.0756814 0.99268 -0.00279037 
0 0 0 1 
4.2
0.963393 0.137883 -0.22992 -0.00165729 
-0.155938 0.985806 -0.0622151 0.00342777 
0.218078 0.0957909 0.971219 -0.00546942 
0 0 0 1 
4.8
0.929959 0.181931 -0.319494 -0.00177795 
-0.216479 0.973336 -0.0758587 0.00431157 
0.297174 0.139709 0.944547 -0.00789637 
0 0 0 1 
5.2
0.917867 0.238124 -0.317518 -0.00152184 
-0.264875 0.963312 -0.0432499 0.00891151 
0.29557 0.1238 0.947265 -0.0082707 
0 0 0 1 
5.6
0.897828 0.270713 -0.347303 -0.00710478 
-0.283119 0.958958 0.015579 0.00754589 
0.337267 0.084341 0.937623 -0.00783323 
0 0 0 1 
6.4
0.821232 0.31868 -0.473308 -0.00445276 
-0.316616 0.944589 0.0866377 0.00815202 
0.474692 0.0787073 0.876626 -0.00872457 
0 0 0 1 
7.4
0.846558 0.353927 -0.397586 0.00154589 
-0.348347 0.933136 0.0889518 0.00701843 
0.402484 0.063195 0.913243 -0.0079893 
0 0 0 1 
8
0.925513 0.292057 -0.241099 0.000501665 
-0.292915 0.955565 0.0331119 0.00988977 
0.240057 0.0399761 0.969935 -0.00560784 
0 0 0 1 
9
0.970801 0.204254 -0.125801 -0.00183546 
-0.206265 0.978492 -0.00303018 0.00919169 
0.122476 0.02889 0.992051 -0.00669923 
0 0 0 1 
9.6
0.980997 0.191455 -0.0314702 -8.1003e-05 
-0.192158 0.981139 -0.0210291 0.00554363 
0.0268505 0.0266767 0.999283 -0.00702857 
0 0 0 1 
9.8
0.982305 0.185718 0.0242098 -0.000871104 
-0.184004 0.981082 -0.0601657 0.00650983 
-0.0349257 0.0546463 0.997895 -0.00725323 
0 0 0 1 
10
0.982947 0.175146 0.0560238 -0.00307536 
-0.16957 0.981185 -0.092312 0.0071096 
-0.0711377 0.0812378 0.994153 -0.00904921 
0 0 0 1 
10.2
0.979827 0.194549 0.0457254 -0.00172297 
-0.189024 0.976449 -0.104009 0.00563306 
-0.0648833 0.0932676 0.993525 -0.00998835 
0 0 0 1 
11
0.978873 0.201027 0.0373685 -0.0040699 
-0.196314 0.975099 -0.103164 0.00893826 
-0.0571767 0.0936482 0.993962 -0.0122285 
0 0 0 1 
13.6
0.97854 0.195579 0.0648733 -0.00454214 
-0.19043 0.978608 -0.0778696 0.00752131 
-0.0787151 0.0638448 0.994851 -0.0172735 
0 0 0 1 
14.4
0.975716 0.163359 0.145918 -0.00717019 
-0.154854 0.985599 -0.0679352 0.0084539 
-0.154915 0.0436894 0.986961 -0.0209124 
0 0 0 1 
15.8
0.961628 0.21084 0.175548 -0.00347175 
-0.216386 0.976223 0.0128495 0.00757081 
-0.168665 -0.0503427 0.984387 -0.015233 
0 0 0 1 
16.2
0.952293 0.202975 0.227902 -0.00635716 
-0.207131 0.978296 -0.00579099 0.0210129 
-0.224131 -0.0416909 0.973667 -0.0124362 
0 0 0 1 
16.8
0.9519 0.213942 0.219351 -0.010821 
-0.198396 0.9759 -0.0908713 0.039679 
-0.233506 0.042982 0.971405 -0.00248316 
0 0 0 1 
17.6
0.926137 0.159425 0.34184 -0.0284273 
-0.0992443 0.977347 -0.186929 0.0561171 
-0.363897 0.139196 0.920979 0.00729956 
0 0 0 1 
19.2
0.898948 0.129975 0.418329 -0.0479456 
-0.0393237 0.975056 -0.218447 0.0564666 
-0.436287 0.179923 0.881636 0.0329117 
0 0 0 1 
20.6
0.726672 0.0533039 0.684914 -0.0507611 
0.0738922 0.985137 -0.155066 0.0521272 
-0.683 0.163292 0.711932 0.0459393 
0 0 0 1 
22.4
0.5887 -0.00187201 0.808349 -0.0536104 
0.212008 0.965349 -0.152165 0.0366231 
-0.780054 0.260956 0.568698 0.0671837 
0 0 0 1 
23.6
0.470525 -0.0404607 0.881458 -0.0419129 
0.310644 0.942593 -0.122556 0.0151085 
-0.825897 0.331485 0.456083 0.0965066 
0 0 0 1 
24.8
0.291099 -0.057814 0.954945 -0.0278728 
0.416139 0.906448 -0.0719749 0.00209993 
-0.861446 0.418342 0.287924 0.105517 
0 0 0 1 
28.4
-0.0894323 -0.353372 0.931198 0.00563855 
0.463673 0.81268 0.352928 -0.000727888 
-0.881481 0.463335 0.0911693 0.10342 
0 0 0 1 
29.6
-0.224932 -0.293937 0.928982 0.0358259 
0.359447 0.861137 0.359502 0.0139531 
-0.905651 0.414783 -0.0880423 0.0996483 
0 0 0 1 
31.4
-0.280336 -0.2993 0.912048 0.0602903 
0.383005 0.836359 0.392186 0.0233028 
-0.880181 0.459263 -0.119828 0.0846551 
0 0 0 1 
32.4
-0.343932 -0.317834 0.883568 0.0682098 
0.416409 0.791762 0.446898 0.0412364 
-0.841614 0.521628 -0.139963 0.0649028 
0 0 0 1 
33
-0.384391 -0.290022 0.876431 0.0714608 
0.375206 0.818341 0.43536 0.0535896 
-0.843483 0.496191 -0.205745 0.048526 
0 0 0 1 
33.8
-0.396059 -0.271681 0.877113 0.0790174 
0.343933 0.841794 0.416044 0.0626725 
-0.851379 0.466446 -0.239961 0.0358675 
0 0 0 1 
34.8
-0.442555 -0.206352 0.872676 0.101847 
0.327927 0.86852 0.371668 0.0658285 
-0.834631 0.450658 -0.3167 0.0217633 
0 0 0 1 
36
-0.612275 -0.176675 0.770653 0.105152 
0.286618 0.858816 0.424601 0.0908113 
-0.736865 0.480855 -0.475193 -0.0175089 
0 0 0 1 
36.6
-0.681902 -0.192592 0.705633 0.0909776 
0.230388 0.859055 0.457106 0.110637 
-0.694213 0.474271 -0.541421 -0.0361287 
0 0 0 1 
39.8
-0.728748 -0.19543 0.656303 0.0983992 
0.151267 0.888794 0.432623 0.130731 
-0.667866 0.41455 -0.618145 -0.0769722 
0 0 0 1 
42
-0.848997 -0.163051 0.502611 0.0761403 
0.1134 0.872812 0.474699 0.152474 
-0.516085 0.460015 -0.722525 -0.119262 
0 0 0 1 
45
-0.955259 -0.152534 0.253405 0.0252607 
-0.0116595 0.875514 0.483051 0.15897 
-0.295542 0.458484 -0.838121 -0.14802 
0 0 0 1 
49.6
-0.986713 -0.089007 -0.135924 -0.0456685 
-0.150682 0.814206 0.560681 0.166925 
0.0607659 0.573712 -0.8168 -0.139183 
0 0 0 1 
57
-0.979971 -0.171339 0.101488 0.0352793 
-0.0675189 0.765319 0.6401 0.160076 
-0.187345 0.620427 -0.761559 -0.126533 
0 0 0 1 
59.2
-0.882836 -0.199461 0.425225 0.0939777 
0.0653436 0.844383 0.531739 0.137669 
-0.465114 0.497224 -0.732419 -0.11295 
0 0 0 1 
62.6
-0.580398 -0.131849 0.803588 0.158329 
0.144131 0.954593 0.260726 0.091447 
-0.801476 0.267147 -0.53504 -0.0759879 
0 0 0 1 
65
-0.408849 -0.034545 0.911948 0.177714 
0.132331 0.986478 0.0966956 0.0645963 
-0.902957 0.160213 -0.398749 -0.0579719 
0 0 0 1 
67.6
-0.358616 0.141673 0.922672 0.190414 
0.169318 0.981893 -0.0849576 0.030182 
-0.918001 0.125758 -0.376111 -0.0501483 
0 0 0 1 
69
-0.175409 0.150983 0.972849 0.198058 
0.149851 0.980751 -0.125191 0.0288768 
-0.973024 0.123823 -0.194657 -0.0204666 
0 0 0 1 
71
0.0053347 0.188731 0.982014 0.197684 
0.0733182 0.979311 -0.18861 0.0222636 
-0.997294 0.0730057 -0.00861309 -0.00496699 
0 0 0 1 
72.8
0.217968 0.209378 0.953232 0.187189 
0.00761588 0.976321 -0.216191 0.0269164 
-0.975926 0.0543825 0.211212 0.0136453 
0 0 0 1 
75.6
0.502458 0.198755 0.841446 0.161694 
-0.050378 0.978296 -0.200997 0.0196675 
-0.863133 0.0586024 0.501566 0.0640418 
0 0 0 1 
76.2
0.579599 0.210055 0.787364 0.149067 
-0.077971 0.976069 -0.203002 0.012257 
-0.811163 0.056268 0.582107 0.0717228 
0 0 0 1 
77
0.655731 0.220762 0.721998 0.137384 
-0.109097 0.973965 -0.198721 -0.000872941 
-0.747071 0.0515402 0.662743 0.0801757 
0 0 0 1 
77.8
0.71644 0.2456 0.652989 0.127111 
-0.138948 0.967466 -0.21143 -0.0142709 
-0.683672 0.0607459 0.727257 0.0861562 
0 0 0 1 
78.4
0.696649 0.277987 0.661365 0.126337 
-0.185173 0.960313 -0.20859 -0.0223436 
-0.693103 0.0228475 0.720477 0.081167 
0 0 0 1 
78.6
0.700051 0.291168 0.652035 0.12228 
-0.2175 0.956652 -0.193679 -0.0242993 
-0.680163 -0.00623207 0.733034 0.0812136 
0 0 0 1 
79.4
0.755152 0.338846 0.561185 0.108753 
-0.311036 0.938759 -0.148285 -0.0325597 
-0.577064 -0.0625709 0.814299 0.0930241 
0 0 0 1 
80.2
0.807075 0.345072 0.47912 0.0921915 
-0.346406 0.933848 -0.0890587 -0.0332662 
-0.478157 -0.0940928 0.87322 0.109739 
0 0 0 1 
81.2
0.866059 0.32685 0.3783 0.071426 
-0.343725 0.938759 -0.0241784 -0.0349561 
-0.363035 -0.109091 0.925367 0.122564 
0 0 0 1 
82
0.902767 0.350473 0.249361 0.0539893 
-0.361099 0.932522 -0.0033521 -0.0390659 
-0.23371 -0.0870179 0.968405 0.127969 
0 0 0 1 
83
0.946463 0.265868 0.183092 0.0546409 
-0.266113 0.963651 -0.0236876 -0.0459945 
-0.182735 -0.0263039 0.98281 0.125153 
0 0 0 1 
83.8
0.973753 0.19826 0.111797 0.0509366 
-0.198168 0.980094 -0.0120426 -0.0440091 
-0.111959 -0.010428 0.993658 0.125001 
0 0 0 1 
84
0.974216 0.204115 0.0961241 0.0586681 
-0.203356 0.978944 -0.0177365 -0.0457353 
-0.0977204 -0.00226814 0.995211 0.131694 
0 0 0 1 
84.4
0.957501 0.271465 0.0974616 0.0451419 
-0.267969 0.962252 -0.0475763 -0.0510988 
-0.106698 0.0194377 0.994101 0.127931 
0 0 0 1 
84.6
0.938126 0.345142 0.0282135 0.0316042 
-0.34139 0.935431 -0.0917684 -0.0591821 
-0.0580648 0.0764585 0.995381 0.129316 
0 0 0 1 
85
0.968123 0.233611 0.0903511 0.0559839 
-0.2272 0.97089 -0.0758432 -0.0380533 
-0.105439 0.0528978 0.993018 0.129896 
0 0 0 1 
85.6
0.960798 0.254013 0.111109 0.0595184 
-0.263923 0.960712 0.0858872 -0.0265821 
-0.0849274 -0.111845 0.99009 0.132187 
0 0 0 1 
