1305031102.375329
 [0.99956, 0.004261177, 0.029353315, 0.0011342918;
 -0.0029612998, 0.99901897, -0.044185799, -0.0052463189;
 -0.029512802, 0.044079434, 0.99859202, -0.07271257;
 0, 0, 0, 1]
1305031102.411258
 [0.99947256, 0.0023785315, 0.032387018, 0.0048865238;
 -0.00089032238, 0.99894619, -0.045887899, -0.0090145469;
 -0.032462034, 0.045834862, 0.99842143, -0.083192796;
 0, 0, 0, 1]
1305031102.475318
 [0.99888068, 0.0029324044, 0.047210332, -0.0018017557;
 0.00039111543, 0.99753034, -0.070235476, -0.0098728472;
 -0.047299698, 0.070175327, 0.99641263, -0.10857848;
 0, 0, 0, 1]
1305031102.611233
 [0.99944347, -0.0049336338, 0.032990135, 9.0601316e-06;
 0.0079119252, 0.99584073, -0.090766788, 0.003796557;
 -0.032405112, 0.090977289, 0.99532562, -0.15854517;
 0, 0, 0, 1]
1305031102.775472
 [0.99948525, 0.0017584671, 0.032033179, 0.00020062551;
 0.0012093222, 0.99572188, -0.09239307, -0.0089519853;
 -0.032058608, 0.092384249, 0.99520719, -0.22140114;
 0, 0, 0, 1]
1305031102.975203
 [0.99981195, -0.013326694, 0.014088704, 0.021869777;
 0.014590153, 0.99548876, -0.093751296, -0.019137802;
 -0.012775751, 0.093939222, 0.99549598, -0.29381502;
 0, 0, 0, 1]
1305031103.243216
 [0.99893689, 0.018755173, 0.042110972, 0.0061166207;
 -0.013666042, 0.9929148, -0.1180399, -0.034710508;
 -0.044026464, 0.11733893, 0.99211556, -0.37138474;
 0, 0, 0, 1]
1305031103.675523
 [0.99391431, 0.028995946, 0.10627154, -0.01372739;
 -0.014590519, 0.99088717, -0.13390213, 0.0042668367;
 -0.10918573, 0.13153668, 0.98527998, -0.3160851;
 0, 0, 0, 1]
1305031104.011232
 [0.99081254, -0.0037695554, 0.13518983, -0.019188292;
 0.020183194, 0.99253869, -0.1202482, 0.028856957;
 -0.13372785, 0.12187199, 0.98349583, -0.17760018;
 0, 0, 0, 1]
1305031104.343342
 [0.99748188, -0.029392853, 0.064544007, -0.013490142;
 0.031782947, 0.99883461, -0.036321186, 0.036705151;
 -0.063401207, 0.038281124, 0.99725366, -0.042825658;
 0, 0, 0, 1]
1305031104.575343
 [0.99834281, -0.020988386, 0.053582955, -0.005435179;
 0.021839222, 0.99964374, -0.015342965, 0.047950257;
 -0.053241841, 0.016487749, 0.99844551, 0.023685021;
 0, 0, 0, 1]
1305031104.711277
 [0.99994212, -0.010600985, 0.0018284501, -0.016565353;
 0.010434709, 0.99714869, 0.074736848, 0.062479034;
 -0.002615521, -0.074713446, 0.99720162, 0.055919096;
 0, 0, 0, 1]
1305031105.01129
 [0.99810308, 0.027266085, -0.055198051, -0.024773657;
 -0.017055679, 0.98394865, 0.17763495, 0.041018806;
 0.059155457, -0.17635655, 0.98254722, 0.081809647;
 0, 0, 0, 1]
1305031105.775339
 [0.99902689, -0.0032953601, 0.043981731, -0.0034373307;
 0.0062082754, 0.99778312, -0.066258863, 0.017499199;
 -0.043665886, 0.066467434, 0.99683267, -0.21561316;
 0, 0, 0, 1]
1305031105.943272
 [0.99983734, 0.017939109, 0.0018780931, 0.0024879063;
 -0.017779412, 0.99773252, -0.064913504, -7.3629722e-05;
 -0.0030383251, 0.064869553, 0.9978891, -0.28567332;
 0, 0, 0, 1]
1305031106.111327
 [0.99941397, 0.030682359, -0.015175015, 0.011225511;
 -0.03208505, 0.99416435, -0.10299419, -0.0082380166;
 0.011926354, 0.10342072, 0.9945662, -0.34770635;
 0, 0, 0, 1]
1305031106.276385
 [0.99887961, 0.047133524, -0.0042323237, 0.013638964;
 -0.047276765, 0.98994219, -0.13333915, -0.0043787495;
 -0.0020949882, 0.13338985, 0.99106145, -0.39312771;
 0, 0, 0, 1]
1305031106.443278
 [0.99971598, 0.017459229, -0.016221251, 0.021124631;
 -0.020166634, 0.98244798, -0.18544333, 0.018463355;
 0.012698838, 0.18571779, 0.98252106, -0.40405276;
 0, 0, 0, 1]
1305031106.675279
 [0.99977303, 0.0046785963, 0.020784544, 0.014408152;
 -0.0011617993, 0.98611015, -0.1660886, 0.020645147;
 -0.021272911, 0.16602676, 0.98589176, -0.33765876;
 0, 0, 0, 1]
1305031107.311226
 [0.99786323, -0.053561978, 0.03741762, 0.0014286395;
 0.055404257, 0.99720788, -0.050068501, 0.040763527;
 -0.034631379, 0.052034613, 0.99804461, -0.047164746;
 0, 0, 0, 1]
1305031107.943122
 [0.99847817, -0.049005613, -0.025294546, -0.034489799;
 0.048834797, 0.99878001, -0.0073275659, 0.022671809;
 0.025622778, 0.0060811606, 0.99965316, -0.028197348;
 0, 0, 0, 1]
1305031108.111378
 [0.99592441, -0.036533568, -0.08246132, -0.078232236;
 0.037962031, 0.99915391, 0.015821405, 0.022058142;
 0.081813544, -0.018887322, 0.99646866, -0.051126737;
 0, 0, 0, 1]
1305031108.311332
 [0.99337834, -0.029675236, -0.11099049, -0.1452321;
 0.030390058, 0.9995268, 0.0047538429, 0.0066008;
 0.11079689, -0.0080953715, 0.99381012, -0.084141769;
 0, 0, 0, 1]
1305031108.511378
 [0.9952237, 0.030731732, -0.09265694, -0.22070394;
 -0.034579843, 0.9985925, -0.040215049, 0.025564115;
 0.091290645, 0.043227032, 0.99488562, -0.10765782;
 0, 0, 0, 1]
1305031108.711411
 [0.98642123, 0.045548845, -0.15779239, -0.28733933;
 -0.051028807, 0.99822056, -0.030851349, 0.019431865;
 0.15610635, 0.038484383, 0.98699027, -0.14405055;
 0, 0, 0, 1]
1305031109.211379
 [0.99123579, 0.066670202, -0.11404667, -0.24774976;
 -0.069647096, 0.99732208, -0.022315724, 0.0053741117;
 0.11225347, 0.030063163, 0.99322474, -0.10487966;
 0, 0, 0, 1]
1305031109.411329
 [0.99635226, 0.075779863, -0.039238412, -0.1714395;
 -0.077980831, 0.99526727, -0.057982873, 0.011414297;
 0.034658775, 0.060831208, 0.99754614, -0.076129563;
 0, 0, 0, 1]
1305031109.675263
 [0.99901807, 0.042324942, -0.013096097, -0.066510543;
 -0.043137867, 0.99663347, -0.069719627, -0.0047459332;
 0.010101129, 0.070216104, 0.99748063, -0.053812649;
 0, 0, 0, 1]
1305031109.875306
 [0.9993459, 0.033881474, 0.012643101, 0.014108759;
 -0.032345224, 0.99378383, -0.1065243, -0.012314677;
 -0.016173709, 0.10604567, 0.99422973, -0.057210848;
 0, 0, 0, 1]
1305031110.075319
 [0.99857628, -0.030513605, 0.043753132, 0.093531035;
 0.036026306, 0.99068528, -0.1313194, -0.011847637;
 -0.039338555, 0.13270871, 0.99037409, -0.077713825;
 0, 0, 0, 1]
1305031110.279321
 [0.9952774, -0.050831474, 0.082698829, 0.16090266;
 0.063007206, 0.98636854, -0.1520104, 0.0020740121;
 -0.073844612, 0.15650313, 0.98491305, -0.098027267;
 0, 0, 0, 1]
1305031110.479331
 [0.98582417, -0.083132565, 0.1457386, 0.22848922;
 0.10503667, 0.98313648, -0.14969969, 0.0076327105;
 -0.13083601, 0.16288547, 0.97793162, -0.11374979;
 0, 0, 0, 1]
1305031110.679606
 [0.97219777, -0.12235577, 0.19965097, 0.2828466;
 0.15433912, 0.97603863, -0.15338865, 0.014663185;
 -0.17609908, 0.17993806, 0.96778685, -0.13859016;
 0, 0, 0, 1]
1305031111.011431
 [0.96575844, -0.1398446, 0.21852723, 0.28055489;
 0.17575644, 0.97222281, -0.1545718, 0.0085159605;
 -0.19084114, 0.18768659, 0.96351099, -0.16052547;
 0, 0, 0, 1]
1305031111.211433
 [0.9781034, -0.11908949, 0.17067948, 0.23175742;
 0.14648721, 0.97649169, -0.15813111, -0.00095498411;
 -0.14783534, 0.17967093, 0.97255492, -0.13687147;
 0, 0, 0, 1]
1305031111.443386
 [0.97791964, -0.10341905, 0.18159769, 0.1430922;
 0.13094939, 0.98045903, -0.14680707, -0.0037108352;
 -0.16286646, 0.16734563, 0.9723528, -0.12397251;
 0, 0, 0, 1]
1305031111.643395
 [0.99110013, -0.057989597, 0.11982382, 0.048872355;
 0.073938057, 0.98831916, -0.13326053, 0.0026211473;
 -0.11069646, 0.14093406, 0.9838109, -0.10115748;
 0, 0, 0, 1]
1305031111.779423
 [0.99883205, -0.029437238, 0.038314879, -0.011130493;
 0.03334095, 0.99385029, -0.10559343, -0.013790441;
 -0.034970876, 0.10674755, 0.993671, -0.095751032;
 0, 0, 0, 1]
1305031111.811406
 [0.99950534, -0.030624224, 0.0071549304, -0.019076411;
 0.031216068, 0.99372262, -0.10742873, -0.003737991;
 -0.0038200947, 0.10759894, 0.99418706, -0.091552317;
 0, 0, 0, 1]
1305031112.144342
 [0.99597734, -0.0050921878, -0.089460462, -0.14844191;
 -0.0010926145, 0.99761951, -0.068949848, -0.0097654089;
 0.089598611, 0.068770237, 0.9936009, -0.10977532;
 0, 0, 0, 1]
1305031112.37936
 [0.98557621, -0.029833412, -0.16658185, -0.21495596;
 0.025485586, 0.99927801, -0.028177638, -0.0018393019;
 0.16730222, 0.023525773, 0.98562491, -0.14139214;
 0, 0, 0, 1]
1305031112.611261
 [0.99016154, 0.062406994, -0.12524155, -0.30588442;
 -0.061611399, 0.99804789, 0.010219692, 0.015292884;
 0.12563485, -0.0024028393, 0.99207366, -0.13716784;
 0, 0, 0, 1]
1305031112.843286
 [0.98115224, 0.08608193, -0.17300344, -0.29521078;
 -0.092273191, 0.99533844, -0.028053736, 0.020187382;
 0.16978206, 0.043488566, 0.98452163, -0.16102982;
 0, 0, 0, 1]
1305031113.079251
 [0.98884761, 0.073241547, -0.12967679, -0.25341123;
 -0.082219586, 0.9944737, -0.065284245, 0.025558604;
 0.12417864, 0.075218141, 0.9894048, -0.1382001;
 0, 0, 0, 1]
1305031113.311452
 [0.99448872, 0.078296207, -0.069727451, -0.16564065;
 -0.08330626, 0.99391204, -0.072103493, 0.027296472;
 0.063657522, 0.077514842, 0.99495685, -0.10217281;
 0, 0, 0, 1]
1305031113.579301
 [0.99887061, 0.03245578, 0.034701161, -0.040611342;
 -0.029641706, 0.99645418, -0.078742862, 0.0079229223;
 -0.037133776, 0.077625327, 0.9962908, -0.083197795;
 0, 0, 0, 1]
1305031114.079285
 [0.99700832, -0.073366217, 0.024327444, 0.17912577;
 0.074547336, 0.99586904, -0.051841475, 0.017313765;
 -0.020423535, 0.053499926, 0.99835896, -0.094315559;
 0, 0, 0, 1]
1305031114.311429
 [0.99084592, -0.10260913, 0.087725148, 0.25773272;
 0.10622305, 0.99363273, -0.037559357, 0.020120876;
 -0.083312638, 0.046533968, 0.99543637, -0.12130169;
 0, 0, 0, 1]
1305031114.543236
 [0.97899997, -0.13258635, 0.15485439, 0.31140447;
 0.13996147, 0.98943943, -0.037687782, 0.035336971;
 -0.14822215, 0.058569986, 0.9872182, -0.16077799;
 0, 0, 0, 1]
1305031115.11123
 [0.97315341, -0.14339016, 0.18003236, 0.2641995;
 0.15930814, 0.98420238, -0.077243432, 0.02066322;
 -0.16611232, 0.10385033, 0.98062319, -0.17936586;
 0, 0, 0, 1]
1305031115.511253
 [0.98940092, -0.041425709, 0.13917506, 0.064581662;
 0.059108514, 0.99034035, -0.12542816, 0.0039552017;
 -0.13263471, 0.13232516, 0.98229223, -0.17569555;
 0, 0, 0, 1]
1305031115.843224
 [0.99508506, 0.098509304, -0.010083062, -0.090976827;
 -0.099003598, 0.98764271, -0.12149163, 0.013442137;
 -0.0020095943, 0.12189277, 0.99254125, -0.16097008;
 0, 0, 0, 1]
1305031116.211299
 [0.96808517, 0.17071865, -0.18348373, -0.18797305;
 -0.19725479, 0.9706437, -0.13762777, 0.025312267;
 0.15460169, 0.16942844, 0.97334081, -0.22605516;
 0, 0, 0, 1]
1305031116.511205
 [0.94255596, 0.21921065, -0.25206143, -0.21853104;
 -0.25567472, 0.95903087, -0.12202557, 0.051908005;
 0.21498537, 0.17946166, 0.95998687, -0.23501748;
 0, 0, 0, 1]
1305031116.743291
 [0.97301698, 0.11885525, -0.19776614, -0.14354333;
 -0.14759348, 0.97943896, -0.13753362, 0.01610123;
 0.17735326, 0.16301154, 0.97055298, -0.1970427;
 0, 0, 0, 1]
1305031116.912044
 [0.991045, 0.054483239, -0.12190739, -0.071838982;
 -0.072452672, 0.98629934, -0.14820325, -0.0029089206;
 0.11216258, 0.15570861, 0.9814145, -0.1700978;
 0, 0, 0, 1]
1305031117.879451
 [0.99342245, -0.0060127098, 0.11434872, 0.025738584;
 0.023959266, 0.98743027, -0.1562286, 0.094136551;
 -0.11197203, 0.15794072, 0.98107952, -0.17052615;
 0, 0, 0, 1]
1305031118.143256
 [0.996445, -0.017404236, 0.082428418, 0.029084338;
 0.030372599, 0.986844, -0.15879667, 0.18055139;
 -0.07858026, 0.16073571, 0.98386443, -0.19794323;
 0, 0, 0, 1]
1305031118.445692
 [0.99717647, -0.023420066, 0.071348064, 0.033894904;
 0.030707024, 0.99422669, -0.10281245, 0.24015918;
 -0.068528272, 0.10471305, 0.99213862, -0.23065016;
 0, 0, 0, 1]
1305031118.879208
 [0.99638569, -0.041082241, 0.074349113, 0.027262414;
 0.048548412, 0.99364275, -0.10157312, 0.14639546;
 -0.069703609, 0.10481554, 0.99204594, -0.20794901;
 0, 0, 0, 1]
1305031119.579559
 [0.99457884, -0.037553806, 0.09696731, 0.047428075;
 0.047778632, 0.99328399, -0.10537596, -0.091506749;
 -0.092358813, 0.10943767, 0.98969352, -0.12584808;
 0, 0, 0, 1]
1305031119.879214
 [0.99756086, -0.0053805886, 0.069594204, 0.055299513;
 0.016174162, 0.98770714, -0.15547653, -0.17776106;
 -0.06790214, 0.15622292, 0.98538506, -0.13084662;
 0, 0, 0, 1]
1305031120.415445
 [0.9983505, -0.00089118694, 0.057405777, 0.054372314;
 0.010255272, 0.98656702, -0.16303481, -0.14179897;
 -0.056489352, 0.16335461, 0.98494887, -0.13407795;
 0, 0, 0, 1]
1305031121.447319
 [0.99285817, 0.0002827358, 0.11930012, 0.02969126;
 0.0035884958, 0.99947393, -0.032233451, 0.14058912;
 -0.11924648, 0.032431353, 0.99233484, -0.21050987;
 0, 0, 0, 1]
1305031121.747145
 [0.99631864, -0.005149283, 0.085572548, 0.040081039;
 0.0082314452, 0.99932849, -0.0357044, 0.21364592;
 -0.085331231, 0.036277346, 0.99569201, -0.22981276;
 0, 0, 0, 1]
1305031122.214959
 [0.99581301, -0.032959554, 0.085264944, 0.036601491;
 0.036574584, 0.99848175, -0.04118849, 0.16303529;
 -0.083777942, 0.044134561, 0.99550658, -0.21606375;
 0, 0, 0, 1]
1305031123.214704
 [0.99425614, -0.024906449, 0.1040887, 0.060311597;
 0.040380813, 0.98796451, -0.1493167, -0.14586112;
 -0.099116996, 0.15266223, 0.9832955, -0.13654833;
 0, 0, 0, 1]
1305031123.51136
 [0.99895775, 0.0075699771, 0.045011695, 0.054159172;
 0.0024284022, 0.97593999, -0.21802589, -0.22571847;
 -0.045579161, 0.21790797, 0.97490442, -0.15590164;
 0, 0, 0, 1]
1305031123.883786
 [0.99895847, 0.039823011, 0.022273999, 0.037645377;
 -0.032862674, 0.96657586, -0.25426584, -0.27876878;
 -0.03165514, 0.25326902, 0.96687782, -0.16562875;
 0, 0, 0, 1]
1305031124.182694
 [0.99751002, 0.039296035, 0.058563065, 0.039033022;
 -0.025917286, 0.9765324, -0.21380538, -0.22910613;
 -0.065590434, 0.2117552, 0.97511929, -0.16232499;
 0, 0, 0, 1]
1305031126.079356
 [0.99060059, -0.022901261, 0.13485548, 0.0245593;
 0.031263042, 0.99769557, -0.060217794, 0.065154396;
 -0.13316566, 0.06386777, 0.98903376, -0.20118162;
 0, 0, 0, 1]
