1305031102.375329
 [0.99956, 0.004261177, 0.029353315, 0.0011342918;
 -0.0029612998, 0.99901897, -0.044185799, -0.0052463189;
 -0.029512802, 0.044079434, 0.99859202, -0.07271257;
 0, 0, 0, 1]
1305031102.411258
 [0.99947256, 0.0023785315, 0.032387018, 0.0048865238;
 -0.00089032238, 0.99894619, -0.045887899, -0.0090145469;
 -0.032462034, 0.045834862, 0.99842143, -0.083192796;
 0, 0, 0, 1]
1305031102.475318
 [0.99888068, 0.0029324044, 0.047210332, -0.0018017557;
 0.00039111543, 0.99753034, -0.070235476, -0.0098728472;
 -0.047299698, 0.070175327, 0.99641263, -0.10857848;
 0, 0, 0, 1]
1305031102.611233
 [0.99944347, -0.0049336338, 0.032990135, 9.0601316e-06;
 0.0079119252, 0.99584073, -0.090766788, 0.003796557;
 -0.032405112, 0.090977289, 0.99532562, -0.15854517;
 0, 0, 0, 1]
1305031102.775472
 [0.99948525, 0.0017584671, 0.032033179, 0.00020062551;
 0.0012093222, 0.99572188, -0.09239307, -0.0089519853;
 -0.032058608, 0.092384249, 0.99520719, -0.22140114;
 0, 0, 0, 1]
1305031102.975203
 [0.99981195, -0.013326694, 0.014088704, 0.021869777;
 0.014590153, 0.99548876, -0.093751296, -0.019137802;
 -0.012775751, 0.093939222, 0.99549598, -0.29381502;
 0, 0, 0, 1]
1305031103.243216
 [0.99893689, 0.018755173, 0.042110972, 0.0061166207;
 -0.013666042, 0.9929148, -0.1180399, -0.034710508;
 -0.044026464, 0.11733893, 0.99211556, -0.37138474;
 0, 0, 0, 1]
1305031103.675523
 [0.99391431, 0.028995946, 0.10627154, -0.01372739;
 -0.014590519, 0.99088717, -0.13390213, 0.0042668367;
 -0.10918573, 0.13153668, 0.98527998, -0.3160851;
 0, 0, 0, 1]
1305031104.011232
 [0.99081254, -0.0037695554, 0.13518983, -0.019188292;
 0.020183194, 0.99253869, -0.1202482, 0.028856957;
 -0.13372785, 0.12187199, 0.98349583, -0.17760018;
 0, 0, 0, 1]
1305031104.343342
 [0.99748188, -0.029392853, 0.064544007, -0.013490142;
 0.031782947, 0.99883461, -0.036321186, 0.036705151;
 -0.063401207, 0.038281124, 0.99725366, -0.042825658;
 0, 0, 0, 1]
1305031104.575343
 [0.99834281, -0.020988386, 0.053582955, -0.005435179;
 0.021839222, 0.99964374, -0.015342965, 0.047950257;
 -0.053241841, 0.016487749, 0.99844551, 0.023685021;
 0, 0, 0, 1]
1305031104.711277
 [0.99994212, -0.010600985, 0.0018284501, -0.016565353;
 0.010434709, 0.99714869, 0.074736848, 0.062479034;
 -0.002615521, -0.074713446, 0.99720162, 0.055919096;
 0, 0, 0, 1]
1305031105.01129
 [0.99810308, 0.027266085, -0.055198051, -0.024773657;
 -0.017055679, 0.98394865, 0.17763495, 0.041018806;
 0.059155457, -0.17635655, 0.98254722, 0.081809647;
 0, 0, 0, 1]
1305031105.775339
 [0.99902689, -0.0032953601, 0.043981731, -0.0034373307;
 0.0062082754, 0.99778312, -0.066258863, 0.017499199;
 -0.043665886, 0.066467434, 0.99683267, -0.21561316;
 0, 0, 0, 1]
1305031105.943272
 [0.99983734, 0.017939109, 0.0018780931, 0.0024879063;
 -0.017779412, 0.99773252, -0.064913504, -7.3629722e-05;
 -0.0030383251, 0.064869553, 0.9978891, -0.28567332;
 0, 0, 0, 1]
1305031106.111327
 [0.99941397, 0.030682359, -0.015175015, 0.011225511;
 -0.03208505, 0.99416435, -0.10299419, -0.0082380166;
 0.011926354, 0.10342072, 0.9945662, -0.34770635;
 0, 0, 0, 1]
1305031106.276385
 [0.99887961, 0.047133524, -0.0042323237, 0.013638964;
 -0.047276765, 0.98994219, -0.13333915, -0.0043787495;
 -0.0020949882, 0.13338985, 0.99106145, -0.39312771;
 0, 0, 0, 1]
1305031106.443278
 [0.99971598, 0.017459229, -0.016221251, 0.021124631;
 -0.020166634, 0.98244798, -0.18544333, 0.018463355;
 0.012698838, 0.18571779, 0.98252106, -0.40405276;
 0, 0, 0, 1]
1305031106.675279
 [0.99977303, 0.0046785963, 0.020784544, 0.014408152;
 -0.0011617993, 0.98611015, -0.1660886, 0.020645147;
 -0.021272911, 0.16602676, 0.98589176, -0.33765876;
 0, 0, 0, 1]
1305031107.311226
 [0.99786323, -0.053561978, 0.03741762, 0.0014286395;
 0.055404257, 0.99720788, -0.050068501, 0.040763527;
 -0.034631379, 0.052034613, 0.99804461, -0.047164746;
 0, 0, 0, 1]
1305031107.943122
 [0.99847817, -0.049005613, -0.025294546, -0.034489799;
 0.048834797, 0.99878001, -0.0073275659, 0.022671809;
 0.025622778, 0.0060811606, 0.99965316, -0.028197348;
 0, 0, 0, 1]
1305031108.111378
 [0.99592441, -0.036533568, -0.08246132, -0.078232236;
 0.037962031, 0.99915391, 0.015821405, 0.022058142;
 0.081813544, -0.018887322, 0.99646866, -0.051126737;
 0, 0, 0, 1]
1305031108.311332
 [0.99337834, -0.029675236, -0.11099049, -0.1452321;
 0.030390058, 0.9995268, 0.0047538429, 0.0066008;
 0.11079689, -0.0080953715, 0.99381012, -0.084141769;
 0, 0, 0, 1]
1305031108.511378
 [0.9952237, 0.030731732, -0.09265694, -0.22070394;
 -0.034579843, 0.9985925, -0.040215049, 0.025564115;
 0.091290645, 0.043227032, 0.99488562, -0.10765782;
 0, 0, 0, 1]
1305031108.711411
 [0.98642123, 0.045548845, -0.15779239, -0.28733933;
 -0.051028807, 0.99822056, -0.030851349, 0.019431865;
 0.15610635, 0.038484383, 0.98699027, -0.14405055;
 0, 0, 0, 1]
1305031109.211379
 [0.99123579, 0.066670202, -0.11404667, -0.24774976;
 -0.069647096, 0.99732208, -0.022315724, 0.0053741117;
 0.11225347, 0.030063163, 0.99322474, -0.10487966;
 0, 0, 0, 1]
1305031109.411329
 [0.99635226, 0.075779863, -0.039238412, -0.1714395;
 -0.077980831, 0.99526727, -0.057982873, 0.011414297;
 0.034658775, 0.060831208, 0.99754614, -0.076129563;
 0, 0, 0, 1]
1305031109.675263
 [0.99901807, 0.042324942, -0.013096097, -0.066510543;
 -0.043137867, 0.99663347, -0.069719627, -0.0047459332;
 0.010101129, 0.070216104, 0.99748063, -0.053812649;
 0, 0, 0, 1]
1305031109.875306
 [0.9993459, 0.033881474, 0.012643101, 0.014108759;
 -0.032345224, 0.99378383, -0.1065243, -0.012314677;
 -0.016173709, 0.10604567, 0.99422973, -0.057210848;
 0, 0, 0, 1]
1305031110.075319
 [0.99857628, -0.030513605, 0.043753132, 0.093531035;
 0.036026306, 0.99068528, -0.1313194, -0.011847637;
 -0.039338555, 0.13270871, 0.99037409, -0.077713825;
 0, 0, 0, 1]
1305031110.279321
 [0.9952774, -0.050831474, 0.082698829, 0.16090266;
 0.063007206, 0.98636854, -0.1520104, 0.0020740121;
 -0.073844612, 0.15650313, 0.98491305, -0.098027267;
 0, 0, 0, 1]
1305031110.479331
 [0.98582417, -0.083132565, 0.1457386, 0.22848922;
 0.10503667, 0.98313648, -0.14969969, 0.0076327105;
 -0.13083601, 0.16288547, 0.97793162, -0.11374979;
 0, 0, 0, 1]
1305031110.679606
 [0.97219777, -0.12235577, 0.19965097, 0.2828466;
 0.15433912, 0.97603863, -0.15338865, 0.014663185;
 -0.17609908, 0.17993806, 0.96778685, -0.13859016;
 0, 0, 0, 1]
1305031111.011431
 [0.96575844, -0.1398446, 0.21852723, 0.28055489;
 0.17575644, 0.97222281, -0.1545718, 0.0085159605;
 -0.19084114, 0.18768659, 0.96351099, -0.16052547;
 0, 0, 0, 1]
1305031111.211433
 [0.9781034, -0.11908949, 0.17067948, 0.23175742;
 0.14648721, 0.97649169, -0.15813111, -0.00095498411;
 -0.14783534, 0.17967093, 0.97255492, -0.13687147;
 0, 0, 0, 1]
1305031111.443386
 [0.97791964, -0.10341905, 0.18159769, 0.1430922;
 0.13094939, 0.98045903, -0.14680707, -0.0037108352;
 -0.16286646, 0.16734563, 0.9723528, -0.12397251;
 0, 0, 0, 1]
1305031111.643395
 [0.99110013, -0.057989597, 0.11982382, 0.048872355;
 0.073938057, 0.98831916, -0.13326053, 0.0026211473;
 -0.11069646, 0.14093406, 0.9838109, -0.10115748;
 0, 0, 0, 1]
1305031111.779423
 [0.99883205, -0.029437238, 0.038314879, -0.011130493;
 0.03334095, 0.99385029, -0.10559343, -0.013790441;
 -0.034970876, 0.10674755, 0.993671, -0.095751032;
 0, 0, 0, 1]
1305031111.811406
 [0.99950534, -0.030624224, 0.0071549304, -0.019076411;
 0.031216068, 0.99372262, -0.10742873, -0.003737991;
 -0.0038200947, 0.10759894, 0.99418706, -0.091552317;
 0, 0, 0, 1]
1305031112.144342
 [0.99597734, -0.0050921878, -0.089460462, -0.14844191;
 -0.0010926145, 0.99761951, -0.068949848, -0.0097654089;
 0.089598611, 0.068770237, 0.9936009, -0.10977532;
 0, 0, 0, 1]
1305031112.37936
 [0.98557621, -0.029833412, -0.16658185, -0.21495596;
 0.025485586, 0.99927801, -0.028177638, -0.0018393019;
 0.16730222, 0.023525773, 0.98562491, -0.14139214;
 0, 0, 0, 1]
1305031112.611261
 [0.99016154, 0.062406994, -0.12524155, -0.30588442;
 -0.061611399, 0.99804789, 0.010219692, 0.015292884;
 0.12563485, -0.0024028393, 0.99207366, -0.13716784;
 0, 0, 0, 1]
1305031112.843286
 [0.98115224, 0.08608193, -0.17300344, -0.29521078;
 -0.092273191, 0.99533844, -0.028053736, 0.020187382;
 0.16978206, 0.043488566, 0.98452163, -0.16102982;
 0, 0, 0, 1]
1305031113.079251
 [0.98884761, 0.073241547, -0.12967679, -0.25341123;
 -0.082219586, 0.9944737, -0.065284245, 0.025558604;
 0.12417864, 0.075218141, 0.9894048, -0.1382001;
 0, 0, 0, 1]
1305031113.311452
 [0.99448872, 0.078296207, -0.069727451, -0.16564065;
 -0.08330626, 0.99391204, -0.072103493, 0.027296472;
 0.063657522, 0.077514842, 0.99495685, -0.10217281;
 0, 0, 0, 1]
1305031113.579301
 [0.99887061, 0.03245578, 0.034701161, -0.040611342;
 -0.029641706, 0.99645418, -0.078742862, 0.0079229223;
 -0.037133776, 0.077625327, 0.9962908, -0.083197795;
 0, 0, 0, 1]
1305031114.079285
 [0.99700832, -0.073366217, 0.024327444, 0.17912577;
 0.074547336, 0.99586904, -0.051841475, 0.017313765;
 -0.020423535, 0.053499926, 0.99835896, -0.094315559;
 0, 0, 0, 1]
1305031114.311429
 [0.99084592, -0.10260913, 0.087725148, 0.25773272;
 0.10622305, 0.99363273, -0.037559357, 0.020120876;
 -0.083312638, 0.046533968, 0.99543637, -0.12130169;
 0, 0, 0, 1]
1305031114.543236
 [0.97899997, -0.13258635, 0.15485439, 0.31140447;
 0.13996147, 0.98943943, -0.037687782, 0.035336971;
 -0.14822215, 0.058569986, 0.9872182, -0.16077799;
 0, 0, 0, 1]
1305031115.11123
 [0.97315341, -0.14339016, 0.18003236, 0.2641995;
 0.15930814, 0.98420238, -0.077243432, 0.02066322;
 -0.16611232, 0.10385033, 0.98062319, -0.17936586;
 0, 0, 0, 1]
1305031115.511253
 [0.98940092, -0.041425709, 0.13917506, 0.064581662;
 0.059108514, 0.99034035, -0.12542816, 0.0039552017;
 -0.13263471, 0.13232516, 0.98229223, -0.17569555;
 0, 0, 0, 1]
1305031115.843224
 [0.99508506, 0.098509304, -0.010083062, -0.090976827;
 -0.099003598, 0.98764271, -0.12149163, 0.013442137;
 -0.0020095943, 0.12189277, 0.99254125, -0.16097008;
 0, 0, 0, 1]
1305031116.211299
 [0.96808517, 0.17071865, -0.18348373, -0.18797305;
 -0.19725479, 0.9706437, -0.13762777, 0.025312267;
 0.15460169, 0.16942844, 0.97334081, -0.22605516;
 0, 0, 0, 1]
1305031116.511205
 [0.94255596, 0.21921065, -0.25206143, -0.21853104;
 -0.25567472, 0.95903087, -0.12202557, 0.051908005;
 0.21498537, 0.17946166, 0.95998687, -0.23501748;
 0, 0, 0, 1]
1305031116.743291
 [0.97301698, 0.11885525, -0.19776614, -0.14354333;
 -0.14759348, 0.97943896, -0.13753362, 0.01610123;
 0.17735326, 0.16301154, 0.97055298, -0.1970427;
 0, 0, 0, 1]
1305031116.912044
 [0.991045, 0.054483239, -0.12190739, -0.071838982;
 -0.072452672, 0.98629934, -0.14820325, -0.0029089206;
 0.11216258, 0.15570861, 0.9814145, -0.1700978;
 0, 0, 0, 1]
1305031117.879451
 [0.99342245, -0.0060127098, 0.11434872, 0.025738584;
 0.023959266, 0.98743027, -0.1562286, 0.094136551;
 -0.11197203, 0.15794072, 0.98107952, -0.17052615;
 0, 0, 0, 1]
1305031118.143256
 [0.996445, -0.017404236, 0.082428418, 0.029084338;
 0.030372599, 0.986844, -0.15879667, 0.18055139;
 -0.07858026, 0.16073571, 0.98386443, -0.19794323;
 0, 0, 0, 1]
1305031118.445692
 [0.99717647, -0.023420066, 0.071348064, 0.033894904;
 0.030707024, 0.99422669, -0.10281245, 0.24015918;
 -0.068528272, 0.10471305, 0.99213862, -0.23065016;
 0, 0, 0, 1]
1305031118.879208
 [0.99638569, -0.041082241, 0.074349113, 0.027262414;
 0.048548412, 0.99364275, -0.10157312, 0.14639546;
 -0.069703609, 0.10481554, 0.99204594, -0.20794901;
 0, 0, 0, 1]
1305031119.579559
 [0.99457884, -0.037553806, 0.09696731, 0.047428075;
 0.047778632, 0.99328399, -0.10537596, -0.091506749;
 -0.092358813, 0.10943767, 0.98969352, -0.12584808;
 0, 0, 0, 1]
1305031119.879214
 [0.99756086, -0.0053805886, 0.069594204, 0.055299513;
 0.016174162, 0.98770714, -0.15547653, -0.17776106;
 -0.06790214, 0.15622292, 0.98538506, -0.13084662;
 0, 0, 0, 1]
1305031120.415445
 [0.9983505, -0.00089118694, 0.057405777, 0.054372314;
 0.010255272, 0.98656702, -0.16303481, -0.14179897;
 -0.056489352, 0.16335461, 0.98494887, -0.13407795;
 0, 0, 0, 1]
1305031121.447319
 [0.99285817, 0.0002827358, 0.11930012, 0.02969126;
 0.0035884958, 0.99947393, -0.032233451, 0.14058912;
 -0.11924648, 0.032431353, 0.99233484, -0.21050987;
 0, 0, 0, 1]
1305031121.747145
 [0.99631864, -0.005149283, 0.085572548, 0.040081039;
 0.0082314452, 0.99932849, -0.0357044, 0.21364592;
 -0.085331231, 0.036277346, 0.99569201, -0.22981276;
 0, 0, 0, 1]
1305031122.214959
 [0.99581301, -0.032959554, 0.085264944, 0.036601491;
 0.036574584, 0.99848175, -0.04118849, 0.16303529;
 -0.083777942, 0.044134561, 0.99550658, -0.21606375;
 0, 0, 0, 1]
1305031123.214704
 [0.99425614, -0.024906449, 0.1040887, 0.060311597;
 0.040380813, 0.98796451, -0.1493167, -0.14586112;
 -0.099116996, 0.15266223, 0.9832955, -0.13654833;
 0, 0, 0, 1]
1305031123.51136
 [0.99895775, 0.0075699771, 0.045011695, 0.054159172;
 0.0024284022, 0.97593999, -0.21802589, -0.22571847;
 -0.045579161, 0.21790797, 0.97490442, -0.15590164;
 0, 0, 0, 1]
1305031123.883786
 [0.99895847, 0.039823011, 0.022273999, 0.037645377;
 -0.032862674, 0.96657586, -0.25426584, -0.27876878;
 -0.03165514, 0.25326902, 0.96687782, -0.16562875;
 0, 0, 0, 1]
1305031124.182694
 [0.99751002, 0.039296035, 0.058563065, 0.039033022;
 -0.025917286, 0.9765324, -0.21380538, -0.22910613;
 -0.065590434, 0.2117552, 0.97511929, -0.16232499;
 0, 0, 0, 1]
1305031126.079356
 [0.99060059, -0.022901261, 0.13485548, 0.0245593;
 0.031263042, 0.99769557, -0.060217794, 0.065154396;
 -0.13316566, 0.06386777, 0.98903376, -0.20118162;
 0, 0, 0, 1]
0.6
 [0.99471146, 0.036522575, 0.095996082, 0.025894549;
 -0.037391707, 0.99927425, 0.0072700041, 0.0055266088;
 -0.095660888, -0.010821014, 0.99535519, -0.011315272;
 0, 0, 0, 1]
1.4
 [0.99423426, -0.039934538, -0.099516265, -0.046523962;
 0.040454105, 0.99917626, 0.0032076628, 0.0088472981;
 0.099306189, -0.0072150095, 0.99503076, 0.0062836693;
 0, 0, 0, 1]
1.6
 [0.99432588, -0.040818483, -0.098233663, -0.048522439;
 0.041327849, 0.99914068, 0.0031552047, 0.0083105769;
 0.098020457, -0.0071970881, 0.99515837, 0.0046407352;
 0, 0, 0, 1]
2.2
 [0.98711014, 0.020335227, -0.15874507, -0.026563972;
 -0.028260017, 0.99845588, -0.047824614, -0.036618985;
 0.15752743, 0.0516943, 0.98616064, 0.070717484;
 0, 0, 0, 1]
2.4
 [0.98808151, 0.0078517869, -0.15373112, -0.029187959;
 -0.019546738, 0.99701363, -0.074711166, -0.072429068;
 0.15268542, 0.076825663, 0.98528421, 0.066501483;
 0, 0, 0, 1]
2.6
 [0.98317206, 0.044500772, -0.17717895, -0.03655646;
 -0.061426826, 0.99393439, -0.091220133, -0.20607972;
 0.17204489, 0.10056863, 0.97994208, 0.03921042;
 0, 0, 0, 1]
3.8
 [0.99995059, 0.0021195388, -0.0097123859, -0.011103987;
 -0.0021756829, 0.99998099, -0.0057737678, 0.030842386;
 0.009699964, 0.0057946136, 0.99993616, 0.027824448;
 0, 0, 0, 1]
4
 [0.99958664, -0.012117837, -0.026072022, -0.018100319;
 0.012502097, 0.99981487, 0.014626247, 0.022254191;
 0.025889957, -0.014946155, 0.99955308, 0.048294976;
 0, 0, 0, 1]
9.800000000000001
 [0.99542367, 0.014739529, -0.09441632, -0.028419653;
 -0.013744886, 0.99984306, 0.01117637, 0.033463512;
 0.094566233, -0.0098274816, 0.99547005, 0.029364727;
 0, 0, 0, 1]
10.6
 [0.98916698, 0.0068444237, -0.14663516, -0.027233867;
 -0.0055575413, 0.99994236, 0.009183974, 0.089056514;
 0.14668956, -0.0082695531, 0.98914802, 0.031198554;
 0, 0, 0, 1]
11
 [0.99996036, 0.0025970775, -0.0085172774, -0.0093239723;
 -0.0024674959, 0.99988157, 0.015189354, 0.12458161;
 0.0085557168, -0.015167736, 0.99984837, 0.027269209;
 0, 0, 0, 1]
11.2
 [0.9999392, -0.011010628, -0.00057234889, -0.0033662205;
 0.011017427, 0.9998458, 0.013674598, 0.16148077;
 0.00042169471, -0.013680073, 0.99990636, 0.040988773;
 0, 0, 0, 1]
12
 [0.99982512, -0.015183041, 0.010918083, 0.0027970823;
 0.015214123, 0.99988043, -0.0027694327, 0.18088733;
 -0.010874729, 0.0029350575, 0.99993658, 0.070596904;
 0, 0, 0, 1]
12.6
 [0.99968499, -0.0056526144, 0.024452318, 0.025909558;
 0.0062140254, 0.99971741, -0.022944707, 0.2054563;
 -0.024315711, 0.023089428, 0.99943763, 0.13385655;
 0, 0, 0, 1]
13
 [0.99954796, 0.014409383, 0.026387563, 0.048680224;
 -0.013788134, 0.99962699, -0.023575759, 0.23009394;
 -0.026717432, 0.023201264, 0.99937373, 0.15319352;
 0, 0, 0, 1]
13.2
 [0.99975437, 0.013046599, 0.017914506, 0.055857319;
 -0.012714289, 0.99974728, -0.018539995, 0.24818698;
 -0.018151863, 0.018307673, 0.99966758, 0.1821886;
 0, 0, 0, 1]
13.6
 [0.9997856, 0.017426625, -0.011180569, 0.041915089;
 -0.017572727, 0.99975967, -0.013105039, 0.26972428;
 0.010949505, 0.013298703, 0.99985164, 0.25730887;
 0, 0, 0, 1]
13.8
 [0.99966758, 0.025779435, 0.00039617575, -0.019426191;
 -0.025782464, 0.99956584, 0.014261528, 0.15544236;
 -2.8349623e-05, -0.014267001, 0.9998982, 0.1833742;
 0, 0, 0, 1]
14
 [0.9995805, 0.028717693, 0.0037507908, -0.032585785;
 -0.028778803, 0.99943423, 0.017405475, 0.14889328;
 -0.0032488238, -0.017506117, 0.99984145, 0.18951169;
 0, 0, 0, 1]
14.2
 [0.99949676, 0.025809448, 0.018441712, -0.072596326;
 -0.026392674, 0.99913567, 0.032114822, 0.10675445;
 -0.017596906, -0.03258539, 0.99931401, 0.15819527;
 0, 0, 0, 1]
14.8
 [0.99937499, 0.022767356, 0.027042959, -0.12984975;
 -0.023946116, 0.99874032, 0.04409549, 0.099366538;
 -0.026004955, -0.044715505, 0.99866122, 0.071781531;
 0, 0, 0, 1]
15.2
 [0.99942476, 0.019145515, 0.027993416, -0.16810267;
 -0.020887047, 0.99777567, 0.06330426, 0.077593595;
 -0.026719159, -0.063852549, 0.99760157, 0.02611663;
 0, 0, 0, 1]
15.8
 [0.99966043, 0.014916186, -0.021365913, -0.18095016;
 -0.01323868, 0.99697322, 0.076610491, -0.043254916;
 0.022443978, -0.076301619, 0.99683213, -0.071222171;
 0, 0, 0, 1]
16
 [0.99865675, 0.010933888, -0.050646834, -0.19884871;
 -0.0086966883, 0.99898553, 0.044184204, -0.027837252;
 0.051078562, -0.043684397, 0.99773878, -0.10919134;
 0, 0, 0, 1]
16.2
 [0.98963583, 0.014829832, -0.14283231, -0.10021599;
 -0.0076050642, 0.99866992, 0.050995909, -0.026593313;
 0.14339858, -0.049381129, 0.98843229, -0.13326409;
 0, 0, 0, 1]
16.4
 [0.98086309, 0.022003409, -0.19345142, -0.09413027;
 -0.012639021, 0.9986937, 0.049508639, -0.035065472;
 0.19428807, -0.046116162, 0.97985989, -0.15314977;
 0, 0, 0, 1]
16.6
 [0.96423024, 0.026346978, -0.26375353, -0.088135637;
 -0.01278793, 0.99851298, 0.052993752, -0.025075668;
 0.26475754, -0.047725316, 0.96313328, -0.17002308;
 0, 0, 0, 1]
16.8
 [0.94299775, 0.029038319, -0.33152983, -0.10196219;
 -0.011483101, 0.99843192, 0.054789178, -0.046904773;
 0.33260092, -0.04785908, 0.94185251, -0.23143636;
 0, 0, 0, 1]
17.2
 [0.92885119, 0.017559443, -0.37003663, -0.11693397;
 0.0036127761, 0.99839914, 0.056445934, -0.053183235;
 0.37043542, -0.053766731, 0.92730081, -0.26278532;
 0, 0, 0, 1]
17.6
 [0.92336035, 0.039098654, -0.38193837, -0.14403461;
 -0.0060579851, 0.99616098, 0.087330453, -0.045829449;
 0.38388661, -0.0783237, 0.92005241, -0.30543026;
 0, 0, 0, 1]
18
 [0.91491646, 0.03776614, -0.40187263, -0.12447052;
 -0.0077767516, 0.99707782, 0.075995974, -0.025209833;
 0.40356836, -0.0664047, 0.91253656, -0.30627403;
 0, 0, 0, 1]
18.6
 [0.90670484, 0.02851373, -0.42080083, -0.11479516;
 -0.003652679, 0.9982056, 0.059768569, 0.030037636;
 0.42174995, -0.052655399, 0.90518194, -0.30478972;
 0, 0, 0, 1]
18.8
 [0.89919817, -0.0015520658, -0.43753883, -0.19718663;
 0.027572339, 0.99820721, 0.053123776, 0.016026068;
 0.43667194, -0.05983277, 0.8976289, -0.36473629;
 0, 0, 0, 1]
0.6
 [0.99469477, 0.036664538, 0.096114762, 0.025590988;
 -0.037538752, 0.99926847, 0.0073025664, 0.0054326397;
 -0.095776707, -0.010871853, 0.99534345, -0.011252195;
 0, 0, 0, 1]
0.8
 [0.99344981, 0.031648256, 0.10979939, 0.19331007;
 -0.03415098, 0.99919629, 0.020987988, 0.018890936;
 -0.10904691, -0.024600269, 0.99373215, 0.1004352;
 0, 0, 0, 1]
1
 [0.99118567, 0.028152257, 0.12945454, 0.20130417;
 -0.040337112, 0.99489641, 0.092487969, 0.072111316;
 -0.12619011, -0.09689457, 0.98726261, 0.056176741;
 0, 0, 0, 1]
2.2
 [0.98719615, 0.020189174, -0.15822817, -0.028714998;
 -0.028072957, 0.99846476, -0.047749631, -0.036358651;
 0.15702124, 0.051580183, 0.98624736, 0.067735717;
 0, 0, 0, 1]
2.4
 [0.98816311, 0.0074633872, -0.15322509, -0.031144349;
 -0.019118648, 0.99702018, -0.074734457, -0.071710393;
 0.15221074, 0.076779291, 0.98536128, 0.063523844;
 0, 0, 0, 1]
2.6
 [0.98328942, 0.043568853, -0.17675871, -0.039692476;
 -0.060569476, 0.99391955, -0.091952428, -0.20281348;
 0.17167768, 0.10112203, 0.97994953, 0.042510629;
 0, 0, 0, 1]
3.8
 [0.99995095, 0.0016821214, -0.0097613111, -0.011232522;
 -0.0017368072, 0.99998283, -0.005596525, 0.030712694;
 0.0097517297, 0.0056132041, 0.9999367, 0.026990181;
 0, 0, 0, 1]
4
 [0.99961245, -0.0091722254, -0.026283892, -0.016287599;
 0.0095710596, 0.99984038, 0.015088691, 0.022026386;
 0.026141299, -0.015334409, 0.99954063, 0.041172218;
 0, 0, 0, 1]
9.800000000000001
 [0.99546129, 0.014322994, -0.094083205, -0.030371809;
 -0.013306998, 0.99984628, 0.011417454, 0.033826746;
 0.094232276, -0.010113669, 0.9954989, 0.035666604;
 0, 0, 0, 1]
10.6
 [0.98926926, 0.0036363734, -0.1460585, -0.034907293;
 -0.0020393457, 0.99993652, 0.011082413, 0.074644245;
 0.14608952, -0.010665627, 0.98921388, 0.028435674;
 0, 0, 0, 1]
11
 [0.99996322, -0.0030028704, -0.0080321766, -0.017622033;
 0.0031396023, 0.99984944, 0.017064938, 0.10535832;
 0.0079797236, -0.017089529, 0.99982214, 0.027100839;
 0, 0, 0, 1]
11.2
 [0.99990386, -0.013864272, -0.00019986928, -0.0078638205;
 0.013865693, 0.99977356, 0.01614256, 0.14134812;
 -2.3980821e-05, -0.016143778, 0.9998697, 0.044703018;
 0, 0, 0, 1]
12
 [0.99979949, -0.016406437, 0.011478942, 0.0020139187;
 0.016406169, 0.99986541, 0.00011749701, 0.16134772;
 -0.011479325, 7.0852017e-05, 0.99993414, 0.077847056;
 0, 0, 0, 1]
12.6
 [0.9996922, -0.0072129001, 0.023737745, 0.02620459;
 0.0076834876, 0.99977458, -0.019793311, 0.1835915;
 -0.023589626, 0.019969609, 0.99952227, 0.11977372;
 0, 0, 0, 1]
13
 [0.99955982, 0.01286921, 0.026730061, 0.045872092;
 -0.012319114, 0.99971098, -0.020643374, 0.21228693;
 -0.026988, 0.020304998, 0.99942952, 0.15171926;
 0, 0, 0, 1]
13.2
 [0.99973011, 0.0072579365, 0.022067497, 0.022543991;
 -0.0070092245, 0.99991131, -0.011327054, 0.19398314;
 -0.022147749, 0.011169322, 0.99969232, 0.17500861;
 0, 0, 0, 1]
13.6
 [0.99990124, 0.0078907004, -0.011630165, 0.035935778;
 -0.0079838093, 0.99993628, -0.0079812529, 0.23063865;
 0.011566447, 0.0080733178, 0.99990052, 0.21859211;
 0, 0, 0, 1]
13.8
 [0.99938715, 0.032970425, -0.011761419, 0.08697205;
 -0.032926057, 0.99945003, 0.0039463509, 0.22178262;
 0.011885063, -0.003556675, 0.99992305, 0.25147131;
 0, 0, 0, 1]
14
 [0.99936479, 0.033769436, -0.011388024, 0.084111273;
 -0.033738088, 0.99942642, 0.0029338722, 0.22510043;
 0.011480567, -0.0025477984, 0.99993086, 0.25002173;
 0, 0, 0, 1]
14.6
 [0.99966967, 0.025699858, 0.00019605413, 0.080924496;
 -0.02570047, 0.9996106, 0.010870285, 0.24362653;
 8.3387e-05, -0.010871733, 0.99994087, 0.21428125;
 0, 0, 0, 1]
14.8
 [0.99930584, 0.037211046, 0.0017686307, 0.073486388;
 -0.037233729, 0.99919021, 0.015251831, 0.25056809;
 -0.0011996619, -0.015307097, 0.9998821, 0.17549376;
 0, 0, 0, 1]
15.8
 [0.99747914, 0.03899077, -0.059288416, 0.11440784;
 -0.038411576, 0.99920279, 0.010878029, 0.30097112;
 0.059665293, -0.0085732453, 0.99818164, 0.15677109;
 0, 0, 0, 1]
16.2
 [0.98680115, 0.042275622, -0.15632091, 0.045466553;
 -0.042254824, 0.99910086, 0.0034576398, 0.28395367;
 0.15632653, 0.0031933098, 0.98770028, 0.093656227;
 0, 0, 0, 1]
16.4
 [0.97658575, 0.055584639, -0.20782347, 0.041700464;
 -0.054910697, 0.99845058, 0.0090149045, 0.27466136;
 0.20800255, 0.0026079051, 0.9781248, 0.10593684;
 0, 0, 0, 1]
16.6
 [0.95974201, 0.059979212, -0.27440438, 0.010579287;
 -0.055695038, 0.99817395, 0.02338453, 0.24682577;
 0.2753059, -0.0071601542, 0.96133, 0.0053730416;
 0, 0, 0, 1]
16.8
 [0.93825448, 0.058319014, -0.34099481, -0.014155557;
 -0.053148989, 0.99828619, 0.024492433, 0.23130205;
 0.34183878, -0.0048566051, 0.93974608, -0.044878069;
 0, 0, 0, 1]
17.2
 [0.92301553, 0.04162325, -0.3825047, -0.027208824;
 -0.034364555, 0.99907649, 0.025792601, 0.22378626;
 0.38322502, -0.010662368, 0.92359346, -0.060976494;
 0, 0, 0, 1]
17.6
 [0.91533267, 0.05758813, -0.39855951, -0.033653233;
 -0.038044125, 0.99766159, 0.056780562, 0.23558575;
 0.40089741, -0.036810257, 0.9153831, -0.11589927;
 0, 0, 0, 1]
18
 [0.90853578, 0.05472748, -0.41420722, -0.034094747;
 -0.041129448, 0.99828392, 0.041684419, 0.27327454;
 0.41577768, -0.02083567, 0.90922755, -0.10333212;
 0, 0, 0, 1]
18.6
 [0.90232289, 0.037308089, -0.42944324, -0.035229158;
 -0.025501518, 0.9991228, 0.033216864, 0.25369576;
 0.43030578, -0.019020882, 0.90248275, -0.18184584;
 0, 0, 0, 1]
18.8
 [0.89200675, 0.009408446, -0.45192418, -0.09699551;
 0.0018132828, 0.99970084, 0.024391463, 0.26821104;
 0.45201847, -0.022576816, 0.8917228, -0.16854569;
 0, 0, 0, 1]
0.4
 [0.95809042, -0.037317507, -0.28402489, -0.0045312205;
 0.021333786, 0.99802029, -0.059163596, -0.0067090434;
 0.28567046, 0.050624751, 0.95698982, 0.010014202;
 0, 0, 0, 1]
0.6
 [0.96172082, -0.032961603, -0.27204153, -0.0039156447;
 0.012227439, 0.99691242, -0.077563345, -0.0072826985;
 0.2737582, 0.07126791, 0.95915449, 0.012455362;
 0, 0, 0, 1]
1
 [0.97434968, -0.01833472, -0.22429129, -0.0015306614;
 -0.0065468838, 0.99394423, -0.10969058, -0.0056154253;
 0.22494417, 0.1083454, 0.96832919, 0.018680969;
 0, 0, 0, 1]
1.2
 [0.98970211, -0.019000882, -0.14187586, -0.0017454331;
 -0.0032809204, 0.98787922, -0.15518996, -0.0016487131;
 0.14310497, 0.15405731, 0.97764373, 0.033884611;
 0, 0, 0, 1]
1.4
 [0.99017459, -0.013397666, -0.13919315, 0.0025409977;
 -0.008906736, 0.98733598, -0.15839301, 0.0052126604;
 0.1395525, 0.15807649, 0.9775157, 0.051972602;
 0, 0, 0, 1]
1.6
 [0.99658918, -0.0078289825, -0.082150564, 0.011020993;
 -0.0056196107, 0.98674029, -0.16220967, 0.0072224;
 0.08233121, 0.16211806, 0.98333073, 0.053757168;
 0, 0, 0, 1]
2
 [0.99975175, -0.0041204221, 0.021898029, 0.015858067;
 0.0070749656, 0.99059945, -0.13661143, 0.0056844056;
 -0.021129278, 0.13673244, 0.99038267, 0.044460557;
 0, 0, 0, 1]
2.6
 [0.99669659, -0.0089994017, 0.080715232, 0.018878959;
 0.017332206, 0.9945159, -0.10313916, 0.010445963;
 -0.079344392, 0.10419742, 0.99138659, 0.041473974;
 0, 0, 0, 1]
3
 [0.99488384, -0.0046278262, 0.10091939, 0.020665472;
 0.012546717, 0.99687636, -0.077974662, 0.010293092;
 -0.1002433, 0.07884194, 0.99183428, 0.037560247;
 0, 0, 0, 1]
3.4
 [0.99683017, -0.0096561825, 0.078970447, 0.017041914;
 0.010384236, 0.99990726, -0.0088138571, 0.012063057;
 -0.078878015, 0.0096059665, 0.99683797, 0.032842088;
 0, 0, 0, 1]
4
 [0.99979544, -0.013205597, -0.015319114, 0.017825957;
 0.013949547, 0.99867576, 0.049518786, 0.0088825207;
 0.014644902, -0.049722351, 0.99865568, 0.021407476;
 0, 0, 0, 1]
4.4
 [0.9940843, -0.012117264, -0.10793337, 0.024335671;
 0.019310275, 0.9976427, 0.065849334, 0.0052906964;
 0.10688103, -0.067544013, 0.99197495, 0.019491795;
 0, 0, 0, 1]
4.6
 [0.99534416, -0.013133547, -0.095485941, -0.0027592473;
 0.019756828, 0.99743807, 0.068752967, 0.0003438071;
 0.094338343, -0.070319362, 0.99305362, 0.01418819;
 0, 0, 0, 1]
5
 [0.9855082, -0.0083226999, -0.1694236, -0.0067956569;
 0.020092294, 0.99749166, 0.067873046, -0.00020947654;
 0.16843373, -0.070293553, 0.98320341, 0.008695445;
 0, 0, 0, 1]
5.4
 [0.973566, -0.013236115, -0.22802207, -0.0043498673;
 0.02593977, 0.99826783, 0.052805815, -0.0024350635;
 0.22692814, -0.057324786, 0.97222298, 0.0019375975;
 0, 0, 0, 1]
5.8
 [0.94835579, -0.019233486, -0.31662494, -0.0031918869;
 0.015519284, 0.99977803, -0.014248446, -0.0015781804;
 0.3168287, 0.0085988035, 0.94844377, 0.0001979376;
 0, 0, 0, 1]
6.4
 [0.9424538, -0.017362766, -0.33388528, -0.0057006166;
 0.0016914231, 0.99888545, -0.047169872, -0.0025038191;
 0.33433217, 0.043890685, 0.94143277, 0.001052078;
 0, 0, 0, 1]
6.8
 [0.95283872, -0.039920218, -0.30084011, 0.001373334;
 -0.0029185577, 0.99005926, -0.14062054, -0.032081179;
 0.30346313, 0.13486671, 0.9432503, 0.025083583;
 0, 0, 0, 1]
8
 [0.9909721, -0.019882033, -0.13258576, 0.01324004;
 -0.012277071, 0.97132999, -0.23741803, -0.012320382;
 0.13350488, 0.23690242, 0.96231681, 0.052550264;
 0, 0, 0, 1]
8.6
 [0.99864018, -0.0054787286, 0.051843278, 0.027978227;
 0.017269392, 0.97307968, -0.22982091, -0.0052653439;
 -0.049188517, 0.23040371, 0.97185111, 0.045358256;
 0, 0, 0, 1]
9
 [0.98136109, -0.00078038697, 0.19217131, 0.038605995;
 0.034302492, 0.98464352, -0.17117397, 0.0058401264;
 -0.18908665, 0.17457543, 0.96631759, 0.044990178;
 0, 0, 0, 1]
9.4
 [0.9764415, -0.0090321666, 0.2155931, 0.042636856;
 0.038819939, 0.99017513, -0.13433628, 0.0099120382;
 -0.21226157, 0.13954082, 0.96719873, 0.038160693;
 0, 0, 0, 1]
9.800000000000001
 [0.9788599, -0.0097859995, 0.20429778, 0.040381651;
 0.028017085, 0.99585456, -0.086537249, 0.014145078;
 -0.20260403, 0.090431668, 0.97507626, 0.036005698;
 0, 0, 0, 1]
10.2
 [0.97935969, -0.0076854359, 0.20197918, 0.043235909;
 0.025737384, 0.99588436, -0.086901784, 0.013572172;
 -0.20048003, 0.090306513, 0.97552675, 0.034231555;
 0, 0, 0, 1]
12
 [0.89587277, -0.028860306, -0.44337243, 0.0042140377;
 -0.006750382, 0.99688888, -0.078529924, -0.0053036008;
 0.44425946, 0.073345751, 0.89289075, -0.010248976;
 0, 0, 0, 1]
12.6
 [0.84044105, -0.04011621, -0.54041606, 0.013215726;
 -0.096577406, 0.97020274, -0.22221485, -0.010762512;
 0.53322756, 0.23895046, 0.81152391, -0.00027593347;
 0, 0, 0, 1]
12.8
 [0.87186307, -0.03172129, -0.48872134, 0.014671883;
 -0.11143284, 0.95887744, -0.26103014, -0.020953247;
 0.47690409, 0.28204215, 0.83247507, 0.0083313221;
 0, 0, 0, 1]
14.8
 [0.95902914, -0.03083086, -0.28162488, 0.022743464;
 -0.043606929, 0.96615076, -0.25426579, -0.012528754;
 0.27993134, 0.25612909, 0.92522234, 0.01836562;
 0, 0, 0, 1]
15.4
 [0.98326725, -0.027800167, -0.18003514, 0.0072211199;
 -0.0080283787, 0.98071378, -0.19528437, -0.0054176855;
 0.18199189, 0.19346212, 0.96408057, 0.014932833;
 0, 0, 0, 1]
15.6
 [0.99661106, -0.00056006451, -0.082255915, 0.010243738;
 -0.0091628795, 0.99299765, -0.1177784, 0.0035927845;
 0.081745893, 0.11813296, 0.9896273, 0.021571541;
 0, 0, 0, 1]
3.2
 [0.99803549, 0.01943521, 0.059559897, 0.0053915642;
 -0.023851667, 0.9969461, 0.074361339, 0.010996571;
 -0.057932775, -0.075635858, 0.99545115, -0.0041672275;
 0, 0, 0, 1]
3.4
 [0.99851733, 0.017256603, 0.051626954, 0.0046219714;
 -0.021726355, 0.99594426, 0.087309547, 0.011230058;
 -0.049910903, -0.088301755, 0.99484253, -0.005055442;
 0, 0, 0, 1]
4.8
 [0.99879748, 0.0033984245, -0.048908863, -0.0061103399;
 0.0022712224, 0.99331623, 0.11540242, 0.008615518;
 0.048974156, -0.11537473, 0.99211401, -0.0084798904;
 0, 0, 0, 1]
7.8
 [0.99965245, 0.014900823, 0.02174692, -0.0018875588;
 -0.012956039, 0.99612576, -0.08698047, -0.012167895;
 -0.022958748, 0.086668484, 0.99597263, 0.0042003654;
 0, 0, 0, 1]
8.800000000000001
 [0.99459839, 0.036294892, 0.097245462, 0.0094409008;
 -0.02324228, 0.99095857, -0.13213983, -0.012181357;
 -0.10116223, 0.12916586, 0.98644936, 0.0065657869;
 0, 0, 0, 1]
10
 [0.98133314, 0.050435916, 0.18558423, 0.018500542;
 -0.032211833, 0.99447232, -0.099936217, -0.0096051116;
 -0.18959874, 0.092092715, 0.97753322, 0.0029373921;
 0, 0, 0, 1]
11.6
 [0.98601025, 0.056440711, 0.15683831, 0.014079131;
 -0.06496051, 0.99664772, 0.049734153, 0.0058252327;
 -0.1535055, -0.059226681, 0.98637128, -0.0041035982;
 0, 0, 0, 1]
14
 [0.99696469, -0.0039949468, -0.077752143, -0.011371697;
 0.0099704294, 0.99701071, 0.07661733, -0.0025187857;
 0.077213638, -0.077160001, 0.99402434, -0.0077379909;
 0, 0, 0, 1]
15.2
 [0.9871273, -0.03939613, -0.15500847, -0.019417703;
 0.035686728, 0.99900782, -0.026641758, -0.020504462;
 0.15590426, 0.020767063, 0.98755383, -0.0054755448;
 0, 0, 0, 1]
16.4
 [0.98979968, -0.043950971, -0.13551712, -0.01739596;
 0.024261465, 0.98933005, -0.14365733, -0.034157909;
 0.14038503, 0.13890414, 0.9803049, 0.0015151877;
 0, 0, 0, 1]
16.8
 [0.99177569, -0.040503372, -0.12141028, -0.014335601;
 0.014558722, 0.97814983, -0.20739083, -0.042572804;
 0.12715746, 0.20391761, 0.9706949, 0.0036556176;
 0, 0, 0, 1]
17.4
 [0.99447447, -0.039010644, -0.097461201, -0.011305305;
 0.0078908848, 0.95354229, -0.30115587, -0.052574933;
 0.10468166, 0.29872277, 0.94858128, 0.0013703114;
 0, 0, 0, 1]
17.8
 [0.99764752, -0.013848267, -0.067139097, -0.0087365052;
 -0.011811789, 0.93001074, -0.36734247, -0.05194141;
 0.067527138, 0.36727133, 0.92765933, 0.00031623081;
 0, 0, 0, 1]
18.2
 [0.99990165, 0.011335669, -0.008254325, -0.0075821062;
 -0.01380334, 0.89934742, -0.43701679, -0.050893839;
 0.0024696281, 0.43708777, 0.89941549, -0.0032840774;
 0, 0, 0, 1]
19
 [0.99365819, 0.061961822, 0.09383031, 0.00072736165;
 -0.012576676, 0.89047891, -0.45485064, -0.045561485;
 -0.11173729, 0.45078599, 0.88561094, -0.0048375325;
 0, 0, 0, 1]
19.8
 [0.97761106, 0.097708724, 0.18635868, 0.007457972;
 -0.020818308, 0.92621887, -0.37641102, -0.039939139;
 -0.20938756, 0.36410391, 0.90751594, -0.0035781739;
 0, 0, 0, 1]
21
 [0.96659982, 0.085527949, 0.24159822, 0.01657358;
 -0.031006984, 0.9747752, -0.22102469, -0.019934697;
 -0.25440773, 0.2061512, 0.94486952, 0.00071510271;
 0, 0, 0, 1]
22.2
 [0.97637314, 0.062282361, 0.20692115, 0.016002631;
 -0.059785284, 0.99804342, -0.018305287, -0.0010975634;
 -0.20765638, 0.0055019511, 0.97818637, -0.0048751328;
 0, 0, 0, 1]
22.8
 [0.99032605, 0.040469855, 0.13272698, 0.0093849469;
 -0.051361263, 0.99549574, 0.079688624, 0.0024243782;
 -0.12890416, -0.085734747, 0.98794395, -0.005940563;
 0, 0, 0, 1]
24
 [0.99693334, -0.010743788, -0.077514753, -0.0083475895;
 0.014676181, 0.99862427, 0.050340954, -0.0065545281;
 0.07686726, -0.051324196, 0.99571949, -0.0068470244;
 0, 0, 0, 1]
25
 [0.99501002, 0.00034313035, -0.099774621, -0.011269603;
 -0.011540094, 0.99367863, -0.11166716, -0.02310946;
 0.099105597, 0.11226135, 0.98872417, -0.0038580247;
 0, 0, 0, 1]
25.6
 [0.99843514, 0.036478199, -0.042386759, -0.0094466517;
 -0.044893987, 0.97478312, -0.2185919, -0.023649134;
 0.033344056, 0.22015274, 0.97489536, -0.002166369;
 0, 0, 0, 1]
26
 [0.99636227, 0.078654505, 0.032797046, -0.0067577343;
 -0.066944025, 0.96055937, -0.26989675, -0.024991103;
 -0.052732106, 0.26671937, 0.96233058, -0.002840955;
 0, 0, 0, 1]
26.4
 [0.98711807, 0.099053256, 0.1256438, -0.0087846564;
 -0.06124622, 0.9594329, -0.27520421, -0.022900164;
 -0.14780667, 0.26396385, 0.9531402, -0.0073439064;
 0, 0, 0, 1]
27.2
 [0.95348287, 0.10299604, 0.28330585, -0.0028388517;
 -0.029683664, 0.96733129, -0.25177181, -0.016436543;
 -0.29998213, 0.23165055, 0.92539114, -0.0083145602;
 0, 0, 0, 1]
28.4
 [0.91842186, 0.077574134, 0.38792202, -0.0033086177;
 -0.0166081, 0.98728186, -0.15810984, -0.0039815214;
 -0.3952536, 0.1387689, 0.90802962, -0.025705423;
 0, 0, 0, 1]
30.2
 [0.85191441, 0.059154928, 0.5203293, -0.00097666227;
 -0.0033617476, 0.99419683, -0.10752369, 0.013916945;
 -0.52367026, 0.089851759, 0.84716946, -0.06388846;
 0, 0, 0, 1]
31.2
 [0.78370953, 0.14208008, 0.60465908, -0.015317818;
 -0.012312491, 0.9768486, -0.21357706, 0.004788429;
 -0.62100542, 0.15993753, 0.76731497, -0.086059399;
 0, 0, 0, 1]
32
 [0.73634231, 0.14747146, 0.66034251, -0.040722869;
 0.028856287, 0.96822578, -0.24840713, 0.002460154;
 -0.67599362, 0.2019677, 0.70869011, -0.10585295;
 0, 0, 0, 1]
33
 [0.64271551, 0.072989233, 0.76262003, -0.071745172;
 0.066006057, 0.9864738, -0.15004206, 0.0061223553;
 -0.76325613, 0.14677191, 0.62920433, -0.11940213;
 0, 0, 0, 1]
34.6
 [0.59655011, 0.1154919, 0.79422259, -0.074994273;
 0.012638145, 0.98811752, -0.15317979, 0.034257796;
 -0.80247629, 0.10141692, 0.58800203, -0.15068269;
 0, 0, 0, 1]
36.2
 [0.54950881, 0.17040251, 0.81792611, -0.087675683;
 0.021130811, 0.9758324, -0.21749626, 0.019652581;
 -0.83522069, 0.13679954, 0.53262776, -0.17669275;
 0, 0, 0, 1]
37
 [0.5295065, 0.14142284, 0.83643436, -0.10278934;
 0.070078768, 0.97534293, -0.20927277, 0.011613227;
 -0.84540629, 0.16942759, 0.5065397, -0.191368;
 0, 0, 0, 1]
37.8
 [0.49683768, 0.14528161, 0.8555966, -0.11690676;
 0.10473102, 0.96864551, -0.22529389, 0.023673596;
 -0.86150086, 0.201542, 0.4660441, -0.2042968;
 0, 0, 0, 1]
38.6
 [0.47076985, 0.16667794, 0.86636841, -0.12317739;
 0.061081491, 0.9734782, -0.22047511, 0.032257982;
 -0.88013905, 0.1567121, 0.44810325, -0.23415147;
 0, 0, 0, 1]
39.4
 [0.46182695, 0.14527886, 0.87499136, -0.12592973;
 0.067357793, 0.97790164, -0.19791748, 0.045595538;
 -0.88440871, 0.15034111, 0.44183567, -0.26389024;
 0, 0, 0, 1]
40
 [0.42291623, 0.15729499, 0.89241254, -0.14436594;
 0.045101583, 0.979945, -0.19409704, 0.042935386;
 -0.90504569, 0.12233601, 0.40734041, -0.28360811;
 0, 0, 0, 1]
40.6
 [0.37487155, 0.15511939, 0.91400725, -0.1705313;
 0.044710174, 0.98173028, -0.18495037, 0.034871064;
 -0.92599803, 0.11019806, 0.36108735, -0.2947624;
 0, 0, 0, 1]
41.4
 [0.3662287, 0.16091809, 0.91650528, -0.18041526;
 0.065328255, 0.97805703, -0.1978299, 0.031359721;
 -0.92822886, 0.13232468, 0.34768006, -0.31668738;
 0, 0, 0, 1]
42.2
 [0.41627491, 0.17658934, 0.89192569, -0.16472767;
 0.10649989, 0.96473646, -0.24070999, 0.045106132;
 -0.90298003, 0.19519152, 0.38278884, -0.34875134;
 0, 0, 0, 1]
43
 [0.3915928, 0.16030088, 0.90606773, -0.17995103;
 0.14923187, 0.96060646, -0.23444626, 0.057934951;
 -0.90795648, 0.22702163, 0.35224459, -0.3651655;
 0, 0, 0, 1]
44
 [0.29957873, 0.14857982, 0.94243121, -0.23861335;
 0.12031598, 0.97402978, -0.19180739, 0.056688666;
 -0.94645476, 0.17085095, 0.27392206, -0.37761411;
 0, 0, 0, 1]
45.2
 [0.32001126, 0.16247608, 0.93337792, -0.23725052;
 0.073788136, 0.97791827, -0.19552782, 0.062147751;
 -0.94453591, 0.13144332, 0.30095604, -0.42280972;
 0, 0, 0, 1]
46
 [0.38927212, 0.19531588, 0.90017718, -0.18508096;
 0.052369345, 0.97098726, -0.23332646, 0.078586325;
 -0.91963291, 0.13796918, 0.36774969, -0.46907753;
 0, 0, 0, 1]
47
 [0.38694718, 0.21843104, 0.89585698, -0.16329235;
 0.051734459, 0.96486503, -0.25760248, 0.08305829;
 -0.92064947, 0.14602523, 0.3620514, -0.50295866;
 0, 0, 0, 1]
48.4
 [0.30601975, 0.196925, 0.9314357, -0.21593943;
 0.069904089, 0.97108406, -0.22827423, 0.086468033;
 -0.94945526, 0.1349676, 0.28340504, -0.5328235;
 0, 0, 0, 1]
49.4
 [0.32637995, 0.19296172, 0.92533338, -0.22608528;
 0.066718057, 0.97179717, -0.22618344, 0.092916228;
 -0.94288111, 0.13555819, 0.30430111, -0.57466233;
 0, 0, 0, 1]
50
 [0.30380398, 0.17814718, 0.93593097, -0.26275945;
 0.077571295, 0.97447604, -0.21066365, 0.094147123;
 -0.94957137, 0.13660182, 0.28223059, -0.59242171;
 0, 0, 0, 1]
50.6
 [0.28530616, 0.18051922, 0.94128275, -0.29319066;
 0.072471641, 0.97522753, -0.20899557, 0.093017533;
 -0.95569253, 0.12784402, 0.26515591, -0.601219;
 0, 0, 0, 1]
51
 [0.31105849, 0.18328641, 0.9325496, -0.2935077;
 0.05724163, 0.97583306, -0.21088684, 0.090155706;
 -0.94866538, 0.1189788, 0.29304951, -0.63489723;
 0, 0, 0, 1]
51.4
 [0.34643254, 0.1755285, 0.92150652, -0.27961254;
 0.059561547, 0.97623998, -0.20834579, 0.094277568;
 -0.93618208, 0.12706411, 0.32774654, -0.66143543;
 0, 0, 0, 1]
51.8
 [0.38800886, 0.17180358, 0.90550131, -0.25951746;
 0.047009896, 0.97750455, -0.20560879, 0.089638181;
 -0.92045599, 0.12234556, 0.37120396, -0.68931055;
 0, 0, 0, 1]
52.2
 [0.42737642, 0.16699754, 0.88851631, -0.23768061;
 0.052522168, 0.97654569, -0.20880592, 0.098867342;
 -0.90254682, 0.13590553, 0.40858155, -0.72018492;
 0, 0, 0, 1]
52.8
 [0.37974674, 0.1774864, 0.90790474, -0.27847248;
 0.055482559, 0.97528625, -0.21386537, 0.10296486;
 -0.9234252, 0.13158755, 0.36051437, -0.72399598;
 0, 0, 0, 1]
54
 [0.3944543, 0.18568969, 0.89995843, -0.24427511;
 0.046156436, 0.97413009, -0.22122414, 0.10602634;
 -0.9177556, 0.12880169, 0.37567902, -0.77546448;
 0, 0, 0, 1]
54.6
 [0.37177709, 0.21191323, 0.90381116, -0.24767923;
 0.0051394659, 0.97311181, -0.23027597, 0.086113386;
 -0.92830783, 0.090256438, 0.36069155, -0.80273408;
 0, 0, 0, 1]
55.2
 [0.32709515, 0.19179998, 0.92532241, -0.27834409;
 0.071904354, 0.97129583, -0.22674701, 0.123114;
 -0.94225186, 0.14070256, 0.3039149, -0.7894001;
 0, 0, 0, 1]
